pair,Signature.1,Signature.2,Signature.3,Signature.4,Signature.5,Signature.6,Signature.8,Signature.9,Signature.11,Signature.12,Signature.13,Signature.14,Signature.16,Signature.18,Signature.19,Signature.20,Signature.21,Signature.22,Signature.23,Signature.24,Signature.25,Signature.27,Signature.28,Signature.30
0055e71c7c03d4ff4d57cd363f052914434bd306aff231125413c4703a30c84e,2582,623,623,0,0,0,834,1176,0,0,0,0,0,10184,0,0,0,0,0,0,0,0,0,0
0289a1f386ad8b0778979ad178afc509fd403a198c98b926a7d2866fb0f886fc,4481,1351,988,0,0,0,589,219,0,0,0,0,0,2886,0,0,0,0,0,0,0,0,0,0
02cc37502f6301e4feb5b9b80e2ddbb71dd875d54eb8cf012348502978492251,1229,220,374,0,0,0,1016,708,0,0,0,0,0,0,0,0,0,0,0,0,0,0,692,0
02d3c7c002a875493e63877e5517b7432c95b2b522ba67384c873737b9bab3b7,173,0,378,0,0,0,0,144,0,1680,0,0,0,0,0,105,0,0,0,0,10,0,0,0
03037cb67402cd2882ddc346bbbcacf2574475a18fef75aa96b2e42fc90532d9,1837,0,0,0,0,0,1661,2151,0,0,0,462,0,1868,0,0,0,0,0,0,0,0,0,0
040c323ac201378d9e3acb214b1420e07867e7f6ed2f255f9226ea0c7e2e6f62,6942,379,1918,0,0,0,992,1493,0,0,0,0,0,4493,0,0,0,0,0,0,0,0,0,0
04616fe602821be83f79e051c94c28347907f72d4e9ed5d7f1f50d4cfcd71d01,0,381,1395,0,0,1868,0,4176,0,0,0,0,0,337,0,0,0,0,0,0,0,0,0,0
04f3767cc1c78f1c22b06d659d308741a588e272ee723b39f744913ad669cd6e,0,0,0,0,0,28455,0,832,0,0,0,0,0,0,0,0,0,0,0,0,0,0,0,0
04feb20b0eef08db14ff7df6ef52bd0f71fbaebc9fbb6099da2dafedd1ddef9a,1805,436,717,0,1123,0,2321,99,0,0,549,0,0,0,0,0,0,0,0,0,0,0,0,0
04feb20b0eef08db14ff7df6ef52bd0f71fbaebc9fbb6099da2dafedd1ddef9a.2,1239,739,6774,0,0,0,1787,124,111,0,701,0,0,0,0,0,0,0,0,0,0,0,0,0
05fb093d1b2af292cf0795316e9afefc4407f42256c914edeee9ac881e1d435c,2744,3714,0,0,0,0,375,333,0,0,993,0,0,978,0,0,0,0,0,0,59,0,0,0
0690f491108b0e56fd9901e02e68a918868ec8c5ab8772bcd8ae6ff931169d84,973,0,0,0,0,0,2034,615,0,0,0,0,0,1824,0,0,93,0,0,0,0,0,0,0
071d0791a2371be080640b76eab4cf34bedc1198d4e58a37992e39e66ad2ed34,1145,45,224,0,258,0,6,36,0,227,0,0,139,0,0,0,226,0,0,0,0,0,0,0
078773cc36a9ab58ece5c92e50368462dea52ded70f1b0da8c66e65066a3ce53,1117,705,1418,0,1461,0,3540,692,0,2553,439,0,0,0,0,0,0,0,0,0,0,0,0,0
0963f143cc945f2bf680c16240ac6b8d44b6c39c65453f32bc773408db826c31,0,0,0,0,0,0,2804,1208,0,0,0,0,0,2784,0,0,181,0,0,0,0,0,0,0
0985a2e91070b77b0b7c61278b04d7c88864c3bc670f211bdb54bd09d271e986,3799,175,8,0,0,0,2257,2773,0,0,0,0,0,2693,0,0,0,0,0,0,0,0,0,0
0a60808f0d6e3b778273f426eeaa59435f9142b824da06a11ffc421128afb5dd,1156,0,1601,0,0,0,2679,2694,0,0,0,0,0,34,0,0,0,0,0,0,0,0,0,0
0a85375cbfa23eb57f9647c13fd4a774922afd325ecca61ecb70f165f9e4a2e7,2575,781,26,0,756,0,5025,363,0,0,595,0,0,576,0,0,0,0,0,0,0,0,0,0
0b64dd9e11bfd9b7413d9bc770587b6a011e6946109f1ded24bc92444941450f,228,0,0,0,0,0,0,0,0,0,0,0,0,1872,0,0,0,0,0,0,0,0,0,0
0c18dae928d5146c8b0d052a9ceffa02ef1e1dcd70f6e5c321dc37c264d9c9d8,4216,389,611,0,0,0,504,418,0,1861,0,0,0,718,0,0,0,0,0,0,0,0,0,0
0c596e131276a9448805de75baf6d331353edc214a9edfb7c6f41908d6d3130f,1790,775,0,0,6865,0,672,150,0,0,391,255,0,2261,0,0,0,0,0,0,0,0,0,0
0c78eb71d79db50fbce1e174c7f14f47c7422346bc9f161ae36160f5c06d2fbd,0,0,0,0,0,0,0,3162,0,0,0,0,0,0,0,0,0,0,0,0,0,0,0,0
0de0307feaaebcd92622acc19aae9d7ee9ba2f58ebfbfa0f8523e7c4f1b6b3ed,1140,0,7564,0,0,0,0,572,0,0,244,0,0,694,0,0,179,0,0,0,0,0,0,0
0df54561b9dfce1f7cc6d2858f039c4303727558615b8b64364b09c963da19f2,5283,0,0,40,0,0,8276,516,0,0,0,0,0,2604,0,0,0,0,0,0,0,0,0,0
0f48df24681bff9daca43ea351a061173146b5a347774916fe4c683d65016d10,10462,1381,0,0,0,0,3359,1346,0,0,0,537,0,1776,0,0,0,0,0,0,0,0,0,0
0f4a8719dbb0caa2e8b638fe74d6c6dac6ca5ee91e4423e421a2f013170a0ca9,2872,0,120,0,0,0,4827,665,553,0,0,0,0,49,0,0,0,0,0,0,0,0,0,0
11524e868cfd06698eab18840572b21e31ccc772b0a6d8695b31b16d44f17de9,767,383,0,0,0,0,132,627,0,0,185,49,0,675,0,0,92,0,0,0,0,0,0,0
1395dc4ab7c754e0a84c8daa3996f16e5caf11169f8a9be6c800f6da00474321,2215,0,0,0,0,0,2085,871,0,0,0,0,0,3516,0,0,0,0,0,0,0,0,0,0
141c4e0d1424a013faa785ef2fb5fc1bd47e434f8fc7193b4ae34bb3432a35ed,0,0,0,0,0,391,1237,1539,0,0,0,0,0,3888,0,0,0,0,0,0,0,0,0,0
1527bc8b5a2bf76464676730388a7c05f30a7290fe2210e562cf5e0c7cac3345,624,111,0,0,1256,0,0,108,0,0,0,0,0,955,0,0,0,0,0,0,0,0,0,0
158cfbabcfd84336aa6020a4d6ada78d4cc56ae83802bc9e556d5d8db44af5a0,0,0,0,0,0,0,3650,872,0,0,0,10966,24,0,0,2615,0,0,0,0,0,0,0,0
1653fc3624abafefb2732db164b723d47ea80920a4c2252398fe6ddd300ea997,4207,654,5579,0,0,0,1110,190,0,0,0,0,0,2974,0,0,0,0,0,0,0,0,0,0
16ecc4c79c9ca8e731e9b0f2c6084c63a222890ad8d448c3658736dbc6eff424,0,0,1287,0,0,0,0,9022,0,0,0,0,0,64,0,0,265,0,0,0,0,0,0,0
1791449d2f01848f0d916bf0fe0ea5bbd445cac09cb4cfbb612f884153fc0297,2703,0,1165,0,0,0,131,2506,0,0,0,0,0,3221,0,0,0,0,0,0,0,0,0,0
18ca78d4585c3495bfe0961dc1c51ad36aea437da2e01f57756ced0514056b73,0,0,0,0,0,0,641,290,0,0,0,0,0,0,0,0,69,0,0,0,0,0,165,0
1a7f4e2b2564e194582ecffac318dfbe9d86f05a14aac53a5f2e2cd58840ee08,1680,595,0,0,1958,0,688,360,0,97,321,0,0,1162,0,0,0,0,0,0,0,0,0,0
1aa5c1b7dc0951139f6eee1476ac8edcba8ddee881eeec50897c81d13d42a4f6,0,0,0,0,0,0,0,5035,0,0,0,372,0,81,0,0,0,0,0,0,0,0,0,0
1abf4349b13234e9b9fe664e01960425da9b129ab4b0672a69a7103ff2bbf1b3,4071,0,32,0,0,0,7854,1646,0,0,0,0,0,0,0,0,0,0,0,0,0,0,0,0
1b2666062ba4458789d5500896b198fc548feea869a79eabd35e141fdab59c09,0,0,0,0,0,556,717,1228,0,0,0,0,0,1727,0,0,105,0,0,0,0,0,0,0
1eb70f19ab2ed90ef04ee3f82ce470bae65c3538ea3722c564674916e7c99512,0,0,290,0,0,0,7775,344,0,0,0,0,0,0,0,0,172,0,218,55,0,0,0,0
206327a320b967baf95361f43e814ab0e7403364077c84c04722fbe9ec7d59d5,2199,4157,2652,0,0,0,7558,2738,0,0,6018,0,0,628,0,0,0,0,0,0,0,0,0,0
2089c7c80de49c60c49a01deba8c80587307319d94d23b8464cbe53d2f1d4947,42,0,190,0,0,0,0,0,0,526,0,0,0,0,0,0,0,0,0,0,0,0,0,0
21c3e02f465c21c25f5d7f686b2a5c008b23a2fe5469d444ebac07f80a1ab962,3293,1582,364,0,1145,0,491,119,0,1381,947,0,0,2059,0,0,0,0,0,0,0,0,0,0
2368c29b6b700ca640ec887666c149533231d23ea32718f6f83469b5b7ad7aa4,2480,0,1760,0,0,0,1395,2529,0,0,0,0,0,4176,0,0,0,0,0,0,0,0,0,0
23b4e52e36a71bfaec31dc2edd3dd8e6e470acab656279f96446223d654bcc2c,1110,0,0,0,0,0,361,440,0,0,0,0,0,1346,0,0,0,0,0,0,0,0,0,0
250e75e0ccb2d6cc7b159cc37fab47a4b056ed820a46b82b00bf46b8e7c61c36,2033,1895,0,0,0,0,1336,2030,0,0,0,0,0,3126,0,0,0,0,0,0,0,0,0,0
251e8f9e35d4eba93dcd32dea1f713609f4cf97b8e537637921a670c52dc9861,0,0,0,0,0,0,0,4256,0,0,0,356,0,861,0,0,0,0,0,0,0,0,0,0
2567f5779f07b4c5c7eb5ef5590da72b4352f0e6353150b2f090c354721bebac,1412,0,0,0,0,0,1672,854,0,0,386,0,0,1291,0,0,0,0,0,0,0,0,0,0
2567f5779f07b4c5c7eb5ef5590da72b4352f0e6353150b2f090c354721bebac.2,1741,335,1034,0,0,0,868,1889,0,0,0,0,0,2177,0,0,0,0,0,0,0,0,0,0
25e28ea260c8efc00de88a0e7da3faaea440f68bd539d0fd84e7ae65e33969e9,0,0,0,0,0,0,0,1828,0,0,0,0,0,1321,0,0,0,0,0,0,0,0,0,0
2613d0db5e6407392aa2691ce6db2a4cd350b8258a38f9f6b83844d3b8272685,4822,0,396,0,0,0,44,294,0,0,0,0,0,646,0,0,96,0,0,0,0,0,0,0
2638c364b22eb5c857d7ef4e6722b23232b2690383c5f34836cb2e9055e2a2fb,0,0,0,0,0,0,0,2610,0,0,0,203,0,39,0,0,0,0,0,19,0,0,0,0
26d51bb9b7c9974b5e753fc3520ffcfa2abdbd132509a887f4a5bc5630aa05d9,2396,0,0,0,0,0,1097,505,0,0,387,0,0,240,0,0,0,0,0,0,0,0,0,0
26f2fa25ea0f6c5911c3bb6e831d1a0633ce4a1b295028b1d09ef01b66cec0e2,2320,930,131,0,0,0,3276,361,628,0,0,0,0,1888,0,0,0,0,0,0,0,0,0,0
2747cb2bda1947f81a644e04eff504ecc3bdbd1723259420fbabbb33c4d2c8c0,1490,364,4540,0,0,0,0,339,0,1651,0,0,0,0,0,0,0,0,0,0,0,0,0,0
27766c2342c1b5fba9fda91d7f6a3fdcf78d6b96da879b820675899bfcbf146e,6778,1179,36,0,0,0,2124,349,0,0,0,0,0,4302,0,0,0,0,0,0,0,0,0,0
27daa3627c6baf36dd6500b5ff613e3b2550b869167947f42e23ba596f66ade4,4858,0,3664,0,0,0,0,1398,0,0,0,0,0,2711,0,0,0,0,0,0,0,0,0,0
290d0ca5c183044dfb5f98e84bd2ca1cdc2aab53a21f90070e15694bd111fe16,974,0,735,7609,0,0,12877,575,0,0,0,1445,0,0,0,0,0,0,3086,0,0,1278,0,0
2982202423e350625a9213329f841b023190e587635c72c66de7a841b3e00b8f,1503,0,0,0,0,0,1683,722,0,0,0,0,0,0,0,0,0,0,0,0,0,0,0,0
29a625999b8102746891f4265f9aa80f576db0b4c9456ec553ff482d3c40d130,467,0,1131,0,0,0,813,1528,0,0,0,0,0,2536,0,0,159,0,0,0,0,0,0,0
29b372caca7ac0df55f16fe9ce18e52022cee07eeed4ed6692bb5210aa7aa417,885,1217,0,0,3470,0,3199,179,0,0,807,0,0,240,0,0,0,0,0,0,0,0,0,0
29c92c826c9be32c9026e917449cfd9871bc5b0acf21bbd8981c43a46fde33da,1708,297,787,0,0,0,1425,1162,310,0,0,0,0,2857,0,0,0,0,0,0,0,0,0,0
2a7d03d9baf47f8eb350e6993c8d7fb4e40c2b6a5aa3942b04b0fe98e697020b,3693,0,1507,3357,0,0,0,3039,0,0,0,0,0,0,0,0,0,0,402,0,0,0,0,0
2bad03c19cab85257edda097fbdaabccfe32f966ead99afe275023e0423afec1,3961,8587,0,0,0,0,5259,236,0,164,5944,237,340,8747,0,0,0,0,0,0,0,0,0,0
2c62164585fe00eb93465364e38cf2b51b4c8f2c60d39c1d02847f332d4a408a,1076,0,2982,0,0,0,0,1558,0,0,0,0,0,2971,0,0,109,0,0,0,0,0,0,0
2e84eea0e07ed72ce78dbc3111fb143778370d58de40f30a66e36a37cc314191,2041,103,0,0,0,948,0,1014,0,0,0,0,0,0,0,0,0,0,0,0,0,0,186,0
2e9faf28897dce9dfd86c06101eeb7398f945036f13b5f9d78dd02e113ca9ba0,972,808,584,0,1552,0,1977,233,0,0,465,0,0,231,0,0,0,0,0,0,0,0,0,0
2ebb7adee8dfe2f8b4c0820e9138453f3cf04251686f23b187dc30bbb52c7e96,3364,1329,0,0,534,0,2963,367,0,0,561,0,0,1865,0,0,0,0,0,0,0,0,0,0
2fb1c6063e7eac401741e82a2ac128bcb29d26f1f7f301a41db9878ab7813f6f,270,0,0,0,0,0,629,197,0,0,104,0,0,0,0,0,0,0,0,0,0,0,0,0
30e5afb25005a5e6be0c0de29595b2f386308b854a73ffb15317c461718205a3,7308,914,0,0,0,0,1732,509,0,0,0,0,0,587,0,0,0,0,0,0,0,0,0,0
310c15daca2145583e440e9a6ab0a6052fa4d08b785d6455e961ddce5f4196fe,1973,0,2305,0,0,0,0,1734,0,0,0,0,0,3076,0,0,155,0,0,0,0,0,0,0
3132e2e81d7312f93261cf771e6cc7fdb8e4800ad8d8f4049bc7ec800b08789c,2605,1323,330,0,903,0,1256,436,1261,0,0,0,0,2283,0,0,0,0,0,0,0,0,0,0
314b3b4419dd1967f0dc9d10e75e3c7e9fc44d9ca43a0994f5c53cb4bee343b3,0,1420,0,0,0,0,0,4012,0,0,0,0,0,0,0,0,0,0,0,0,0,0,0,0
3180f8e34845d13e27dddd90486dba083cd87a340d919f75d29859766f7faee4,0,14,0,0,0,541,2688,968,0,0,0,0,0,0,0,0,119,0,0,0,0,0,0,0
32f6dd0cf166e5d3a0a43d41f24ecbe88f1dae02f2aa8f52611b4211877cfecf,0,0,1037,0,0,0,5353,1541,0,323,0,517,0,49,0,0,0,0,0,0,0,0,0,0
33213ed7688e535922f25a5c920040d9bfda8801fd32ff3aaee12ae0ad627f48,18184,0,0,0,864,30472,0,0,0,2101,0,428,0,0,0,0,0,0,0,0,0,0,0,86
335a0dc4a512dca9beb8390740b17ead2209d5e8550c970940668936df336e32,881,349,1411,0,0,0,3006,590,198,0,0,0,0,1758,0,0,0,0,0,0,0,0,0,0
34f4a1f2b8d24914cefc12aee36ebb37504d07511b70fec088a1d4102da92df0,697,0,0,0,1042,0,90,459,0,0,572,0,0,1735,0,0,0,0,0,0,0,0,0,0
350f647ea7d662181d621fc85e3ff5aec0df7cef64c67862b47042524e14d482,1135,575,1542,0,3676,0,4388,793,0,0,469,0,0,0,0,0,0,0,0,0,0,0,0,0
36b945ee0e5c10e51bc0eb32ec06b3b1745c5ad2814d376b5ceccfd96e5c5b3a,1811,1169,1359,0,2351,0,2607,171,2020,0,632,0,0,2769,0,0,0,0,0,0,0,0,0,0
3709a5a3c78b4c21fbcb1c6a15585b054c7d38d78a1eaa3ee4e307b79c11a245,11308,1398,815,0,187,0,459,266,0,0,0,280,0,2235,0,0,0,0,0,0,0,0,0,0
37b56a8f3ae8e0f59bb17651a17a967c62f68204140b18b7d013c9eb709c69d2,0,0,0,0,0,0,4533,1236,0,0,0,0,0,3546,0,0,0,0,0,0,0,0,0,0
392af0c06be23bfc8f60361072a92268662bbd2b0d739201b5c2fbd34a15ff25,3471,981,0,0,4,0,1110,148,0,0,937,0,0,594,0,0,0,0,0,0,0,0,0,0
39402fc51383058bbd48d13bfe8dc613c344e0cdf764561fa33f861bd0e362e8,4987,502,599,0,0,0,2577,477,0,0,0,0,0,1007,0,0,0,0,0,0,0,0,0,0
398e77278e5c2862fb2e8aad0059dca67ecf21af5a47df0c59c4e658aa882302,1086,848,0,0,0,0,1873,1096,0,0,1791,0,0,1557,0,0,135,0,0,0,0,0,0,0
39967f20672678ab9fbeb33d30920937ad5e1a4b0485382920ac1fee8edcadbe,1489,0,5691,0,0,0,967,7169,0,340,0,0,0,880,0,0,0,0,0,0,0,0,0,0
3abbfc149ac774b3bfed61438c5b709a473c0c6162b6707b4bfebef67eba2260,0,0,0,0,0,0,300,1836,0,0,593,549,0,45,0,0,106,0,0,0,0,0,0,0
3abbfc149ac774b3bfed61438c5b709a473c0c6162b6707b4bfebef67eba2260.2,0,0,0,0,0,0,438,1746,0,0,584,562,0,42,0,0,103,0,0,0,0,0,0,0
3b5faf7fabba6b596f14ce281d06ce54af4d06027722cfd3114b8f0dd0ab5ae5,5552,904,1207,0,1350,0,2399,432,0,0,507,385,0,2183,0,0,0,0,0,0,0,0,0,0
3d2fee3d76b8059823c9262d59d1842189785bf37241b8df5c12f8a261598e35,4511,2139,0,0,5289,0,1200,443,1398,0,1657,0,0,6737,0,0,0,0,0,0,0,0,0,0
3d6f94f343bc3a4030461f304e31d6aea165b3bb39f965d71697c7db8c1cee47,0,0,0,0,0,0,0,138,0,1692,0,0,0,0,0,0,0,0,0,0,0,0,22923,0
3ecd9b003fa28a4fde294f8a7b8f0f260fcf21f80d9ca1cf4e6312caab88c6a7,3167,391,767,0,158,0,800,380,0,0,0,0,322,2471,0,0,0,0,0,0,0,0,0,0
3f033a2314ecd6d19bd09179af1fd688ee38da8a63ea2b0879ec99d86e7460d6,57,68,0,0,313,0,0,0,0,0,88,0,1,0,0,0,0,0,0,0,0,6,0,0
3f09772b941e0dc3721126176238df54197fca741e9c633c0860bc68791c6e7a,594,0,0,0,0,0,2585,184,0,0,0,0,0,0,0,0,112,0,0,0,0,0,0,0
3ff03763c8288dca4d2513ab1f9ce95572eef640989b55b7ed10a722484ac238,4216,0,1872,0,0,0,2053,4282,0,0,0,0,0,6409,0,0,0,0,0,0,0,0,0,0
3fff03c9f87217265b27301425821d28012ec9572f60666565d1d3dc802d1030,626,44,305,0,0,0,937,1147,0,0,0,0,0,123,0,0,0,0,0,0,0,0,0,0
41db2179d8691b0d49e9bc19245ac8af93d9c637a498ec7ab822269664452482,3897,1306,534,0,192,0,1155,1876,0,0,0,277,0,0,0,0,0,0,0,0,42,0,0,0
42a2b2ad86b3d0f66ecec5ce1d8b0cca6e334d365d6434d2bf1050e9b2f97990,2256,0,0,0,1057,0,1857,319,0,0,0,0,0,0,0,0,0,0,0,0,0,0,0,0
43776438d2da3665682507747485430a7b1fd322b84446bcbf6a3e3dd9cfea32,20,0,61,0,0,0,0,0,0,0,0,0,0,0,0,0,4,0,0,0,0,0,0,0
445fe324ced35562aa4eb787ace04dc826bbc25ec67b236bba7f226837270672,4969,743,0,0,2038,0,1708,297,0,0,493,0,0,3143,0,0,0,0,0,0,0,0,0,0
46289e477dc440bdafb440b79c282ebc60c7265daca677a5cba4863eeac20fa9,4775,0,799,0,0,0,1569,2112,0,0,0,0,0,3792,0,0,0,0,0,0,0,0,0,0
47c4c85dbaca7b6e9e803f300c3d96a065ef3935c57390e6a6f4f29e6e8e6e3f,3067,490,1987,0,0,0,838,1936,528,0,0,0,0,5187,0,0,0,0,0,0,0,0,0,0
48bba806613d4dc7b432d75c0069ee314684f6d69e3f52503b52f3150448dc14,4123,661,0,0,4,0,1402,541,0,0,326,0,0,158,0,0,0,0,0,0,0,0,0,0
490ae7348c12a59b53192e341610b5c588783c80cbd969631ecf953ad0baf508,5801,2059,734,0,2719,0,1206,222,0,0,0,0,0,2898,0,0,0,0,0,0,0,0,0,0
493bf7322b8c18365466c43bf7a9e119bd4d7782147f9bc368bf4909539c43de,2418,0,0,0,0,0,0,2470,0,0,0,0,0,5869,0,0,0,0,0,0,0,0,0,0
4a1132bd3e8862b6dd112bd68d86287a243e252cc36df16ea0e4e18a0895bb5b,1956,0,1631,0,0,0,2341,3077,0,0,0,0,0,1896,0,0,181,0,0,0,0,0,0,0
4b835a2c95eb284c4c3d48acdb251e067134f9789ebe63e622dae04ad3c286ee,514,0,0,0,0,0,625,652,0,0,0,0,0,1399,0,0,64,0,0,0,0,0,0,0
4e8a9e9de13e84cb13e7f68253d35f16e193470fcdb70f686c8bacfd2424356a,0,0,1542,0,0,883,0,2788,0,0,0,0,0,2050,0,0,0,0,0,0,0,0,0,0
4f47f6288df7369b28f5c8b57440ea1196b2d92fca571abc1c83c18062924dc3,0,0,0,0,0,0,1782,1136,0,0,0,0,0,0,0,0,0,0,0,0,0,0,929,0
4f7206365f5e132362b7810efb9b1797ddd516db3155fec497ef0c20014f90d3,0,0,0,0,0,0,0,0,0,0,0,0,0,0,0,0,0,0,0,0,0,0,606,0
50da2d6b3ff31238fea9f4ebb147722fc306715eea709cd1107d229810ce4202,602,398,6520,0,0,0,813,478,0,0,0,0,0,0,0,0,0,0,0,0,0,0,0,0
51061bea37675a197e1e8e1cfeac9df7efd12166082308a3f471c61fb9005735,0,0,0,243,0,0,183,3035,0,0,0,1490,0,2114,0,0,230,0,0,0,0,0,0,0
5108af817a712e94d4f20406172cd020f05bdc131220b241bbc94e28c353c9b2,0,0,1066,0,0,0,0,6706,0,0,1605,0,0,1343,0,0,0,0,0,0,0,0,0,0
513a077abb45b77174564db736c795e80db50fb6613c65dd52ac30362f5ac7a5,774,532,738,0,4025,0,592,101,0,0,598,0,0,0,0,0,0,0,0,0,0,0,180,0
5508a19531d9031685aba3008e0d3340a4cab684b5c62b1b1926d429d35c60c3,5494,234,926,0,0,0,2649,145,0,0,0,0,0,1827,0,0,0,0,0,0,0,0,0,0
5653075dfbef8dbf0fd2c89d49e162c3decfdf3b62db87ee57a7124937af2792,1919,453,2539,0,0,0,0,21,0,0,0,0,4117,551,0,0,0,0,0,0,0,0,0,0
57a0663fa71fd2018b62bf8a5a5090b31ca2a7bb834cf056d34a9ec8a9afdff8,1312,306,2615,0,0,0,3762,625,315,424,0,0,471,250,0,0,0,0,0,0,0,0,0,0
57b7a98ac74112257612b3cadd241ef30d2cf823cac485e03f450365b7c6c789,4377,365,2587,0,166,0,0,487,0,0,0,0,0,3012,0,0,0,0,0,0,0,0,0,0
582a585182fcbf965e2f8fbab693d758f1838b685f002c0ad06aed112b99531d,1218,0,0,0,0,0,6091,594,0,0,0,0,0,796,0,0,0,0,0,0,0,0,0,0
5a14b5248d76d98bda5dbcd1450b97ed6d6924045908299241f47080e057b505,3005,3711,0,0,0,0,3113,1840,0,0,1713,309,0,3664,0,0,212,0,0,0,0,0,0,0
5a6c12d7e4141588ba41e5a07c2fdf878a57510ea4957fddbe1ce88e51d57864,3540,421,1371,0,0,0,354,1905,0,0,0,0,0,2111,0,0,0,0,0,0,0,0,0,0
5b04c05bf5123ac16736f99285b1e7836815beab7399a4ffe44dc5c70e71a5e1,5092,701,0,0,190,0,1091,844,0,0,0,0,0,3822,0,0,0,0,0,0,0,0,0,0
5b45e0020f3ea36f4d034583a794622a871f1d67e133f83e8e9eb716a69c5ebc,0,0,3431,0,1983,0,0,0,0,0,0,0,0,3859,0,0,0,0,0,0,0,0,0,20454
5b557890e45f2aabf992413035f27efd8083136ab3672325e68f00b2431b6c40,1331,0,0,149,0,0,2564,3284,0,0,708,0,0,0,0,0,0,0,0,0,0,0,0,0
5da22e00966d4943aec9b7a576a2b19142226ea471f15fc5af051c53878b972c,1601,788,0,0,7174,0,0,563,0,0,871,0,0,5188,0,0,0,0,0,0,0,0,0,0
5dc4cf7cf944d91a6b9f54b6cd4aacff655f469bfa2e2569187f4ca7b20d1f5f,5377,723,0,0,6,0,2768,281,0,0,458,0,0,2016,0,0,0,0,0,0,0,0,0,0
5e49d3e75f5a5faefb000800dda151a99cb2efe29603c7437a4a234c88bbb383,0,0,1133,0,0,443,0,6915,0,0,0,0,0,0,0,0,0,0,0,0,0,0,0,0
5e8016e0d643f4bf71f9afa98548d2bbbb8a456b4a3b6b3175bf56e65e58908f,1578,304,3859,0,0,0,862,673,0,0,471,232,223,1515,0,0,0,0,0,0,0,0,0,0
5efa2bbba4ebf72d558238583771ee85eb026dd17fb4aaf11f2e50988ab8cb79,3180,1014,0,0,1297,0,131,107,554,0,0,0,0,2384,0,0,0,0,0,0,0,0,0,0
5fe63c5afb784fb862923cdaa8dbd1bd6765043759eb0ae4272e035b220171b2,2227,797,2855,0,0,0,0,1413,0,314,0,0,0,2128,0,0,0,0,0,0,0,0,0,0
60371515e3cfb0e8639b418a30914bd018549608079e0b534a237d1c38c5da92,3143,3003,0,0,2910,0,672,694,1197,0,998,0,0,5738,0,0,0,0,0,0,0,0,0,0
6045efd1568af8638ab9b45cd3982c9f44b2d856d87e197792319997cdc4ab92,1621,1562,0,0,0,0,321,1472,0,0,0,291,0,1724,0,0,0,0,0,0,0,0,0,0
604eb83f15cd845a03ce9ea2cd3a953d92730ab01485915ecce85c1bdeb9f727,3586,0,0,0,0,0,5736,1444,0,0,0,1479,0,3127,0,0,0,0,1010,0,0,0,0,0
60a8253f1851d8a39758a74494add89110fd06dfbef509afedc07fe3b0bd9f15,647,791,469,0,509,0,1722,1018,0,0,1391,0,0,834,0,0,0,0,0,0,0,0,0,0
625721c0e551208d32de7879e3cb04bb5cfe7573266d5aec45e58e306e186c70,0,0,0,0,0,0,0,721,0,0,0,159,0,223,0,0,0,0,0,0,0,0,0,0
62731af34abfd9a368a3daca43f2ca2fdce78d50d02192ff8b7b68c9b179c591,2625,0,0,0,998,0,841,356,540,0,0,0,0,2244,0,0,0,0,0,0,0,0,0,0
62d006ea1569dae280707516235efbb551613e782526764b4698ad19e66e1177,1201,657,22,0,7220,0,1106,0,0,0,344,0,0,0,0,0,0,0,0,0,0,0,0,0
6375459929f5a6320351e3b8851211460359ccde0ca0d7e858aae8fdbdf77d73,751,135,83,0,906,0,390,38,0,0,0,0,0,508,0,0,0,0,0,0,0,0,70,0
6375459929f5a6320351e3b8851211460359ccde0ca0d7e858aae8fdbdf77d73.2,1777,722,787,0,3961,0,2958,560,0,0,0,0,0,4185,0,0,0,0,0,0,0,0,0,0
64565a24a525ce7b4e1a958d9ab3410a8ba5975337aa731ef00bab7625a20bc1,3716,635,1113,0,0,0,0,1757,0,0,0,0,0,2762,0,0,0,0,0,0,0,0,0,0
65563f8e715e1117c73623defb3159d94318f41306526f79f5ba6134f72a925a,1147,378,637,0,0,0,2167,1274,136,0,592,140,0,1622,0,0,261,0,0,0,0,0,0,0
660c9e00a1f27e8139f554e6b56a85eb55647e1ad41d7ecac296dd62a039a71e,2646,968,345,0,0,0,775,464,0,0,0,0,0,1285,0,0,0,0,0,0,0,0,0,0
66a2d0738fe38f5b696b89088016921a5ba68467844906a415ad9c13c23f3f82,0,0,0,0,0,0,0,482,0,0,0,0,0,0,0,0,0,0,0,0,0,0,0,0
66af59b0d91faab37629ca055f6286e4f6313b7e4250a9902c03c58d022219ac,40,0,168,0,0,0,0,0,0,356,0,0,0,0,0,0,0,0,0,0,0,0,0,0
66b579b673213c95751692e1322c794f179ebbf90d76f06b512c2bf05e7e9069,3595,200,0,0,0,0,1715,2479,0,0,0,245,0,1681,0,0,0,0,0,0,0,0,0,0
66d29a68f9536abe282a5321902b40627b171515b4862c0f41556d682f23be75,3696,413,4983,0,0,0,0,711,0,0,0,0,0,2940,0,0,0,0,0,0,0,0,0,0
6729b31463a1e912fe4187556be5de212ee7150ff1bbe2a9fabe990ef988484e,3469,945,0,0,3444,0,3781,290,0,0,859,0,0,6308,0,0,0,0,0,0,0,0,0,0
674447974a213869433fdecef1d7825dcfbd972fa94ee78e89300dcd4e90fda9,0,0,2656,0,0,0,642,3297,0,0,0,0,0,0,0,0,158,0,0,0,0,0,0,0
6904b15afae6c2a0b1db92b5722ae54d1806030063ff51e3454e76193b2a5191,3453,1035,0,0,2422,0,808,246,792,0,0,0,0,2190,0,0,0,0,0,0,0,0,0,0
69445a60bb3d928af26692ed3220960c8f142c5863af068392e92837bf271819,1652,0,202,0,0,0,2030,1395,0,0,0,0,0,1695,0,0,0,0,0,0,0,0,0,0
69f1b2078352cbdee29724b705114ad434578dbfadf5a8df2f82fdf3cde3f72b,0,0,0,0,0,0,0,564,0,0,0,0,0,0,0,0,0,0,0,0,0,0,0,0
6b5067457342d37b517770cbb38061c57a9b6264724dccedf068f6fb6668663b,0,0,0,0,0,0,0,0,0,0,1090,0,0,2215,0,0,0,0,0,0,0,0,248,0
6ba738d1b7f1289ce2bf360743238837586ae068c0b87a6bda8f7731589f8238,5712,2974,1840,0,0,0,3899,3226,0,0,0,0,0,3170,0,0,0,0,0,0,0,0,0,0
6bb03952b5468708a1d1544dab4e4d542a649c1429f2b8e38877c2bf1abac6d4,2448,1610,0,0,0,0,3249,277,0,0,0,0,0,5558,0,0,0,0,1046,0,0,0,0,0
6be55759a31337c704a5cf2aa0b9a8848ad9305bd73b7291b2e5dca768e9a649,1375,484,0,0,3588,0,589,498,0,1191,262,0,0,1661,0,0,0,0,0,0,0,0,0,0
6dbb23b5b9afd951a8e791a46fc4abe3e21b920313c9a90b650fac524a2075d3,608,0,0,0,0,0,356,641,0,0,0,0,0,3105,0,0,0,0,0,0,0,0,0,0
6e270bf02cdf88374d9793eb09c46eafc1e11e29020b29b526640302fbf544a2,0,0,0,0,0,0,707,3620,0,0,1309,0,22,0,0,0,721,0,0,0,0,0,0,0
6e3abcccf3140ce064846be83b92e0d93c9140e8e704125480bfa49f4c57fb57,5107,0,0,0,0,10700,4200,344,0,0,0,3721,0,4503,0,14392,0,0,0,0,0,0,0,0
6e6ffd2fababfb900f63401a704f75dd8edd7e063f826d6da01789aa2df983d6,0,0,0,0,0,0,0,0,0,0,4049,0,0,0,0,0,0,0,0,0,0,0,1756,0
6e8fdfbc1b6673a9e7f0753ee13f672156f7333fac3083316c7f2d2994019053,1273,0,0,0,754,0,1685,1137,0,0,1410,914,0,37,0,0,176,0,0,0,0,0,0,0
70145187b71797a20da1daa158e859f297f5ff235c24e685ebf1c423e778b382,3660,661,0,0,0,0,7306,2381,0,0,1256,0,0,481,0,0,212,0,0,0,0,0,0,0
70224ed441451a81fd89f696be5993bde735a85317aeeece976d443a155bb554,7812,1954,0,0,799,0,2805,528,1518,0,0,0,0,5606,0,0,0,0,0,0,0,0,0,0
70224ed441451a81fd89f696be5993bde735a85317aeeece976d443a155bb554.2,7900,1911,0,0,1868,0,2086,335,1433,0,0,0,0,5408,0,0,0,0,0,0,0,0,0,0
70d958f9e0d68cc6d34a0e135b06640396e9bcde18b8c5102befb70fd7f07093,2146,350,0,0,9737,0,0,151,0,0,0,0,0,274,0,0,0,0,0,0,0,0,0,0
70f91704e9653694e7ac63af2d817e56414f4fab3c54994f6744a7cc28bbe645,1097,249,0,0,2695,0,528,0,0,0,0,0,0,82,0,0,0,0,0,0,0,0,0,0
712aa46874b09ab06deba81351c03488694017f501de44f067bac388b622da01,5104,136,0,0,0,0,53,1285,0,0,0,0,0,4103,0,0,0,0,0,0,0,0,0,0
71311839d3cc0bad372e4d15ada1c2ecfbbac8c1909b23e11ad9689d1cd384eb,4293,122,0,0,0,0,2063,2844,0,0,0,0,0,710,0,0,0,0,0,0,0,0,0,0
717c0ec0d622284b444dd3421c98c8334805326532582873d1e4e23518de33b0,584,0,0,0,0,0,1620,628,0,0,0,0,0,1433,0,0,0,0,0,0,0,0,0,0
729ae39c61839b5c6bb6d8ec86b4e41bd4073cc8fac262bd32732144b1608045,6735,2697,0,0,367,0,852,186,471,0,1088,0,0,955,0,0,0,0,0,0,0,0,0,0
730015334ef3a709c18445d6ceb35becf86f4fc5635f6117c5ae1646ffea4aee,4203,647,0,0,2288,0,264,291,0,0,0,0,0,2438,0,0,0,0,0,0,0,0,0,0
736816540afbfc3e46000e6c943e77f13e5f3c8e590750374d0b01e94448df78,0,0,0,0,0,0,15,3932,0,0,0,205,0,0,0,0,0,0,0,0,0,0,0,0
74854df07d95b6b1a2132579094fef3b8c13e8f81875e20143f4e19e49e5f446,870,552,417,0,3638,0,4655,786,0,0,376,0,0,0,0,0,0,0,0,0,0,0,0,0
74ffea6045f9ff44c0e3b46fe32fa30de6e616cd174fa30d5349a362f51424dd,0,0,0,0,0,0,0,0,0,0,0,0,0,0,0,0,0,0,0,0,0,0,3082,0
75ce1bd6dbaf2d4ca50f51e6c1f2a09f3275b080539a07ac7ed962ae72c5179f,0,0,0,0,0,1666,391,4267,0,0,0,428,0,340,0,0,211,0,0,0,0,0,0,0
76fc1cfd4a2e0c806b8ac8357d1c3ab9c603cda7e4346c39139d66ec59800699,0,0,0,0,0,0,0,4135,0,0,0,0,0,3464,0,0,0,0,0,0,0,0,0,0
77977ef0417ba90d8554929ffcc512163c9a455ae47f2e6655324952075ab57e,1527,1032,0,0,0,0,1685,267,193,0,1023,0,0,2419,0,0,0,0,0,0,0,0,0,0
77e647a05a7bc6591ccdaaab2bbdef656649418e52d8f02e6f7f5d63af2f50fb,0,0,0,0,0,0,0,2463,0,0,0,321,0,1841,0,0,0,0,0,0,0,0,0,0
7848bd725874b4f28f5c907834fab039f1c9489938a6d78b770e367be2973da9,0,0,0,0,0,0,0,0,0,0,0,0,0,0,0,0,0,0,0,0,0,0,1277,0
7873d357d8c24ff28988da18280b1bfe16205f96d8cdcdc27166cd20b2158200,8576,3184,0,0,51631,0,0,999,0,0,0,0,1138,0,0,0,0,0,0,0,0,0,0,0
7a376ec159162bfb8cec3d947ced67d9b1394ebac3ce1220da6f1b80e6197edf,4171,730,104,0,1492,0,840,134,0,0,508,0,0,2592,0,0,0,0,0,0,0,0,133,0
7ae50f527740acb2518d25e9953e1222479f6f57e53db6be4a67ba8cc2b02253,3380,611,5296,0,0,0,0,981,0,0,0,0,0,1325,0,0,0,0,0,0,138,0,0,0
7bc2eb9cbd76f57405c4db1820c587932da2dc3bc5396e612eaa68aec71f434d,7638,1133,0,0,527,1835,1309,960,0,190,0,725,0,1563,0,0,0,0,0,0,0,0,0,0
7c73cc5443237b3ac33d4578f03bfe1a94bb3ce14e7ec695ea6af93cbc6ba829,5087,717,742,0,0,0,2304,419,0,0,0,0,0,6314,0,0,0,0,0,0,0,0,0,0
7c965565bb8202941bbc7995e015807e3817397353b46aed7fafd568ec445009,1642,0,0,0,0,0,3161,5269,0,0,0,1760,0,534,0,0,296,0,0,0,0,0,0,0
7d8254a43db12e6da4fcb2218bbdd0f84ca3938dfc723c2442069f7e17e24504,3420,1345,0,0,0,0,636,113,0,0,0,0,0,1665,0,0,0,0,0,0,0,0,0,0
7e5fe54682f97841fdf2cea1ac5a3a9b0944e8de6a5bab414be5953e4a122203,4135,1830,0,0,4468,0,923,201,0,0,0,0,0,2721,0,0,0,0,0,0,0,0,0,0
7f7a57bd92a6a9ec9594699e0185f312b87450c4becb3627adcaab4bbd64c96d,0,3047,3706,0,0,1273,7927,3780,0,0,2637,0,0,0,0,0,326,0,0,0,0,0,0,0
809f380be25b144a6197d915114cf007951bf3e5cf08729e1be5182611578bf6,1182,923,5572,0,0,0,3465,3457,0,0,1025,0,0,0,0,0,0,0,0,0,0,0,0,0
80f413de9f21648f16e847198f9ebc09c4df71a671657caed4d3e31caa55929d,2045,835,1117,0,3236,0,2672,601,0,0,738,0,0,1882,0,0,0,0,0,0,0,0,0,0
815b14fc82802994d6234dbab1f4acf7fd67c3a1dc2c7b23418c82c61f08e91e,2821,2406,803,0,0,0,1204,2058,565,153,0,0,0,3659,0,0,0,0,0,0,0,0,0,0
81ed35f07e98127b64788fc315b51a78276fc69247cc9181dbf94096659eac2d,2320,1183,0,0,0,0,2334,640,0,0,0,0,0,1897,0,0,0,0,0,0,0,0,0,0
823eddf546c8253ec7f422951166089c5ad26fec2e75a965efe3a5a6e43bcfe0,1534,0,1349,0,0,0,4078,1984,0,0,0,0,0,0,0,0,0,0,610,0,0,0,0,0
826cb806c36242e06bda2a676b65446bc82ef365e10148aa36baec0b1afa872c,1196,1211,2575,0,0,0,862,4792,0,556,0,4371,0,2455,0,0,0,0,0,0,0,0,0,0
83e5f80b1c797b84fc0cb2cd64de1f93ba161fc7250d6638f1cfcdbfd8cbb1b6,1303,530,283,30,0,0,1437,426,0,0,0,0,0,1123,0,0,0,0,0,0,0,0,0,0
856ab6587efdba886756df5a30511a26027e646b37aac2759c06f5209c241c88,2170,0,145,0,0,0,5807,921,273,1298,0,0,0,486,0,0,0,0,0,0,0,0,0,0
85b73e9079e9cd6fd8efd465a1d7cb632075eebd61536049e6e3b9b3e2fd661a,781,2766,5151,0,0,1229,183,1923,0,0,1978,0,0,0,0,0,343,0,0,0,0,0,0,0
86068b946235d00d8fdea48c678acec11b3b7a094f6b5133a14ae2faaee2c8af,467,0,0,0,0,0,4033,156,0,0,0,0,0,410,0,0,96,0,0,0,0,0,0,0
86239462345aedb32f027ac695197cbe243d6984b0aa6e6f21f6ca8636a5f617,2441,795,1115,0,0,0,3786,512,0,0,0,0,0,0,0,0,0,0,0,0,0,0,0,0
86c633a436916422e25c43063f1d8fde99dfbcb303747adcce0d3da8cc1c3183,339,37,280,0,0,0,115,86,0,0,0,0,374,331,0,0,0,0,0,0,0,0,0,0
870e93691ab4f1c57e0b454595d646bf6a96e193e171625236d3704fbf8e3a0f,2824,572,0,0,1835,0,2614,156,0,0,0,0,0,610,0,0,0,0,0,0,0,0,0,0
875bfbff4c31a068c9824c557541698eea34f069a333d8aec6d2e6645a73d2fd,0,1561,55,0,0,0,2082,1761,0,0,979,123,0,277,0,0,98,0,0,0,0,0,0,0
8793b789423fd13e39994b0f71a0659cdb8b79b8ab968e276050762d42f60c97,0,0,0,0,0,24764,4610,8639,0,0,0,0,0,978,0,0,0,0,0,0,0,0,0,0
8812182da457dd94138bb1bd66a4c1daeccb446a4c79d31b05d0c0bfb1ff3507,0,0,7096,0,0,0,0,1812,0,0,0,0,0,0,0,0,171,0,0,0,0,0,0,0
887c41c3bf89e0fe6d721f4407b024294f01af4937a412310681db9e9bb57e8c,0,23,0,0,0,0,0,2087,0,0,0,0,0,0,0,0,0,0,0,0,0,0,15914,0
88bbe83f6491f18fc9b694832f24793ff4e04cad590367aaee7db3a11644dc04,4112,0,1307,0,0,0,3835,4431,0,0,1001,0,0,0,0,0,0,0,0,0,0,0,0,0
89b5c96294b740fe8ab15637d580539194634e826abc6c2da47ee994bfc2d41f,3343,671,0,0,511,0,1557,759,1674,0,0,0,0,3545,0,0,0,0,0,0,0,0,0,0
89bab9e7f417efbc02ba5fbf3fe14630c12cbbfde41420e1e822417f0ca843ad,3639,415,1058,0,0,0,515,1966,0,0,0,0,0,3221,0,0,0,0,0,0,0,0,0,0
89cc2856c17f27873ac56923ca22bc8282e5fbc5180670cd8917db51ffcc588d,1431,0,607,0,0,0,482,1066,0,0,0,0,0,1761,0,0,93,0,0,0,0,0,0,0
8b8bfea3af2e6628aabd6ed070192e8dccb16d9af2fae1b759ab63fb82f8e7a3,0,0,907,0,0,0,1051,3395,0,0,0,199,0,0,0,0,148,0,0,0,0,0,0,0
8c2c7b95015ec9f664ed6225a09edc37e7697c2dc911a12e6d19e1cbef6400e7,6896,0,0,0,0,18447,3704,716,0,2117,0,6554,0,982,0,0,0,0,0,0,0,0,0,0
8cf58ec6aefc914022d30014ad2091b33ec3a4ee841d22ed964ec8d7ff515e61,1382,0,1241,0,0,0,283,3024,0,0,0,526,0,6258,0,0,0,0,0,0,0,0,0,0
8debf2cb55d0f1b7011f183b83cc855caf6f06cbde5d34ff4449ac79b9f1abfb,6053,1450,150,0,0,0,2031,1079,0,0,0,0,0,4605,0,0,0,0,0,0,0,0,0,0
8e4d0a4d30896e13a46ec1a156fd004b325aebb89e2a4bdcfce0d17f24356900,0,0,3382,0,0,0,0,2184,0,0,0,0,0,0,0,0,166,0,0,0,0,0,0,0
8e7b04ed4920cdfa2db0bff01a897ceed172392ec5ea964a2b1fa68d99117a4d,809,817,0,0,2489,0,611,138,0,0,359,0,0,654,0,0,0,0,0,0,0,0,0,0
8eaf6e7cd7af4825a2dcaebc5dd3897ce05b6bc1e6b642e278059b92a8e3fe83,2402,265,1011,0,0,0,941,1402,0,0,0,154,0,1271,0,0,0,0,0,0,0,0,0,0
8ec9d907cdf12c3184889dbeded8466994a0cf8ce6aa8dea3d74eb94eaa238cc,7122,1215,0,0,42115,0,0,0,0,0,0,0,0,0,0,0,0,0,0,0,0,0,0,0
8f456a908208dcb5f4fb5167a1b7e977d2b644935aeec1af0a6d647af410d828,2898,392,1662,0,0,0,0,1651,0,0,0,0,0,3321,0,0,0,0,0,0,0,0,0,0
900fdae05c90e27aba521996cc05d0a83e32dec27c271a8f14e59fa84439ed34,0,0,210,0,0,0,0,3705,0,0,0,0,0,0,0,0,178,0,0,0,0,0,0,0
90687ad9d09f7677ab6fc83f75b78bd3fed8a9934e071f071306007c79277dab,0,0,0,0,0,45377,3112,884,0,3363,0,4132,0,0,0,0,0,0,0,0,0,0,0,0
908457166335b6e82c7d81a026f23bddad632c6119a410f87c61d96e9819fd4b,0,0,0,0,0,0,0,78,0,0,0,0,0,0,0,0,0,0,0,0,0,0,556,0
913ce613b66ab4f7fda444db13933c39c689bef153aaa1cbe05db00e4aa7a1a4,2719,0,4485,0,0,0,0,1104,0,0,0,0,0,1176,0,0,0,0,0,0,0,0,0,0
91b806330d0e632a29aac57bb4c22564728a6732fc25d7393a6075cc86ec86d8,0,0,0,0,0,0,0,1612,0,0,0,0,0,0,0,0,0,0,0,0,0,0,0,0
929bd4be9261b766fed4e9b6eb5dc4ba79d4f9b74e9b2c36f23398835215b95a,3168,164,604,0,1117,0,1256,99,0,0,225,0,0,782,0,0,0,0,0,0,0,0,0,0
92cefde85804d46c8fc92a226bc04bc70482c225e4bad8c3a491c83e7a9844a9,1187,1129,663,0,0,0,872,1504,167,0,951,297,0,1671,0,0,0,0,0,0,0,0,0,0
92e63aeec5d5bfb17bdf90ebb4da303a859f9d663ef931cdd8fc89ec4d807919,0,0,0,0,0,0,0,0,0,0,0,0,0,594,0,0,0,0,0,0,0,0,729,0
932be781385ee8928b7497f31bc76e2d39794e65797f0afed7f025f46f63de04,2136,0,0,0,0,0,3430,1159,0,0,532,0,0,52,0,0,0,0,0,0,0,0,0,0
934fe84809fc20a81f124747d5ed57817eb0f9120ea63a69a1548d514710978f,0,0,1427,0,0,0,828,2930,0,383,0,888,0,0,0,0,0,0,0,0,0,0,0,0
93db044aad3eaa4f6ff82647058c9cabc43087aed8738caabb5656a82d45d865,7172,0,0,0,0,0,1817,1677,0,0,0,0,0,4210,0,0,0,0,0,0,0,0,0,0
94649c5b2157e86623cef4ed305f17ab35a8026fde844bf59ba8763b5949c417,0,0,0,0,0,0,0,762,0,0,0,0,0,789,0,0,0,0,0,0,0,0,0,0
94c34e2475b3d421a3a49b49b8ef2fe278718a688445204887a53b76c720895e,0,0,0,0,0,1012,0,2921,0,0,0,0,0,574,0,0,0,0,0,0,0,0,0,0
94cf9c15bcb2bf012d1fba51c4a2fd6e8796e7f0b749d99c805e24b8773e37b7,0,0,0,0,0,0,0,5013,0,0,0,0,0,0,0,0,0,0,0,0,0,0,0,0
953dec19dc05015c97eb8cf35a0a4fabf53021d2fb65e7f4e770886db560e5f2,1728,539,0,0,3746,0,482,124,0,0,283,0,0,1415,0,0,0,0,0,0,0,0,0,0
957f3903f6dbe8d48a1e8dba183e12d8675e4a6596741aa976e2cf27764a66ab,4000,1219,0,0,1947,0,1288,143,677,0,0,163,0,1199,0,0,0,0,0,0,0,0,0,0
96abdb3df8257963934d256627e830afd34b535b61f1caff482994f8f85dbece,0,0,0,0,0,0,0,640,0,0,0,0,0,954,0,0,0,0,0,0,0,0,435,0
97530512fe3d55c750b838909f4f23326e988d266936d7d49d86b309e3276bcc,5113,0,1511,0,0,0,730,3065,0,0,0,0,0,4703,0,0,0,0,0,0,0,0,0,0
97a8da910044868e4b93f3bc66de54f863428a22b72f8e8c8896d562f7c970c3,593,147,355,0,0,0,324,498,48,0,273,0,80,723,0,0,113,0,0,0,0,0,0,0
98011f8fb58fa8eed6171691d09d2ac7c67eb943046e45f70c47352c3a559887,797,697,0,0,1662,0,3771,188,0,0,496,0,0,1949,0,0,0,0,494,0,0,0,0,0
985acc6a7800cdb92bf96e459604d908526a5ca2af59d9f663979cbe2bcda0e7,4185,194,0,0,0,0,911,3284,0,0,0,0,0,578,0,0,0,0,0,0,0,0,0,0
997182d49057aa54375e2da5d222b23aa7b30b020f1e961aca988765aa0b1e08,0,0,80,0,0,0,1911,5257,0,0,1291,538,0,1020,0,0,243,0,0,0,0,0,0,0
99febb5cb49a8d0e47fc43cb46c3c972af7077adde2b38b1919c294276ef563e,3363,1227,842,0,0,0,4756,222,0,0,1102,0,0,0,0,0,0,0,0,50,0,0,0,0
9aa3acd19da6ad36a8206d2dc11b4e8f54a1ba392aa4ae6ef853a174f016ab8d,0,1916,0,0,70,34431,11953,89,0,11645,0,0,0,0,0,0,0,0,0,0,742,0,0,0
9bede39d73b7a98225f1f8ea85d513c1739d6c55a43f8b284a41a49ec0c9a9df,2442,487,0,0,2822,0,645,272,0,0,395,0,0,2324,0,0,0,0,0,0,0,0,0,0
9c1aa33d8cca6743039c73afa57991b46d5aae3796e1a1d2f7ad8480deb57bf7,2042,389,0,0,990,0,528,64,0,0,0,0,0,922,0,0,0,0,0,0,0,0,0,0
9dbb90a23f2804ff80e9633a1d4e16caa73f62200ad5de955ff35782a0d756bd,1240,1332,0,0,2052,0,1218,20,0,0,171,137,0,927,0,0,0,0,0,0,0,0,43,0
9ea99e16eaaf486784cb0cd7e1c846a4dcc7bbaecfccc9a04d7853093f2cf775,2271,1072,308,0,3694,0,501,290,0,0,589,0,0,2251,0,0,153,0,0,0,0,0,0,0
A4OF,1189,926,0,50,2754,0,2612,293,586,0,561,0,0,2690,0,0,0,0,0,0,0,0,0,0
A4OJ,1983,0,0,0,0,0,3226,1090,0,0,0,0,0,3319,0,0,193,0,0,0,0,0,0,0
A4OR,611,576,2511,0,0,1450,9835,676,234,429,0,0,0,732,0,0,0,0,0,0,0,0,0,0
A6VZ,0,0,0,0,0,1401,3067,281,0,0,0,0,0,4346,0,0,0,0,0,0,0,0,0,0
A891,1475,1501,6993,0,9848,0,0,302,0,0,1119,0,0,0,0,0,0,0,0,0,0,0,0,0
A8NE,0,0,0,0,0,0,0,90,0,0,0,0,0,0,0,0,0,0,0,0,0,0,1691,0
A8NN,1527,1277,0,837,6335,0,0,184,945,0,0,0,0,4545,0,0,0,0,0,0,0,0,0,0
A93C,3023,1094,0,0,4308,0,0,484,0,0,0,0,0,4430,0,0,0,0,0,0,0,0,0,0
CA-0154,0,0,0,0,0,0,410,5100,0,0,0,0,0,116,0,0,0,0,0,0,0,0,0,0
a25ba6991cdc90fb66cef9fa154d52f67ffce6d271a18c9fa33cb82ebac6d964,0,0,0,0,0,0,0,0,0,0,4482,0,0,0,0,0,0,0,0,0,0,0,965,0
a291ec924b460d7dacd1deae82a5e9247c3770de28cd2f202014f24edd27fdbc,0,0,0,0,0,0,2659,459,0,0,0,0,0,322,0,0,0,0,0,0,0,0,0,0
a293752317dee4bd4904cb5d2a081581e8472f6445709fb2c0f45ee85217990d,1811,1053,0,0,4733,0,88,129,578,0,0,0,0,1018,0,0,0,0,0,0,0,0,0,1172
a307c661f084fb97799f6a166600734b68b727006909a0b10ce525f1b6415aa8,3266,368,1699,0,0,0,0,200,0,0,0,0,278,957,0,0,0,0,0,0,0,0,0,0
a3b92e88191e182682ecd6b5e9bd293f729df82ddae31832b68b6e431e92d5a9,4219,399,1439,0,0,0,1406,2198,0,0,0,0,0,3439,0,0,0,0,0,0,0,0,0,0
a3cb977c05d7d352217dc61aab127ad808f3ceeba73e0f29d66a6413e1dd9ca7,1024,747,0,0,0,0,1541,1729,0,0,1806,0,0,1393,0,0,121,0,0,0,0,0,0,0
a46434e58a34e0e99f630629c94f09d33e002444d02c39269165de26d985718d,3262,0,0,0,58,517,5141,2142,0,0,1317,0,0,131,0,0,0,0,0,0,0,0,0,0
a504c27a1fd7af3a53e0b5108cc052cab5ff8d1a353800e85ea8eec766707bde,6422,406,0,0,58,0,2868,1396,0,0,0,371,0,2245,0,0,0,0,0,0,0,0,0,0
a548137dbe60bc2b84a8a704085d87362687f3e1aec35c978535a00e3fbffa1c,2217,0,1733,0,0,0,1722,5381,0,0,0,0,0,957,0,0,249,0,0,0,0,0,0,0
a575fa3a084b236bdcc6c02c119e643d4bdd9cb84bcac4716fca07bc2b74fcf1,1051,0,0,0,2088,0,168,945,0,0,0,0,0,2919,0,0,136,0,0,0,0,0,0,0
a5cf51cebbb267ad48366801701eb3a8ec788f9ecff83b6635df09eff4c4a13d,0,0,0,0,0,0,4188,0,0,0,0,0,0,0,0,0,0,0,0,0,0,0,0,0
a624a0c1c1913bae5bbae8811ee75a6c5150308de7321ab7ac13247677335bfa,1793,331,0,0,0,0,0,1032,0,0,0,0,0,1678,0,0,0,0,0,0,0,0,0,0
a672f9244a6fe9ee7e992f3b412d19aa481bd6b67586846bff56e20e5e2396b3,1567,852,0,0,1850,0,776,299,0,0,455,0,0,1413,0,0,0,0,0,0,0,0,0,0
a6d223164cca3826d327c57ac731da9f25584747d5f07781052aff2443d4ab2e,2385,1145,0,0,0,0,2829,2254,0,0,0,250,0,2239,0,0,0,0,0,0,0,0,0,0
a7376de8be895a08d2abb22b1e3ee2483fb47abc534d7c6a066b06b2f0d4459a,0,0,0,0,0,342,13,5007,0,0,0,0,0,0,0,0,0,0,0,0,0,0,0,0
a753fb90260943b0a5a428599b41a14fa4afdfafd38a6284f0b02db1b5c204d6,2264,835,0,0,1214,0,1458,144,1004,0,391,0,0,1238,0,0,0,0,0,0,0,0,0,0
a753fb90260943b0a5a428599b41a14fa4afdfafd38a6284f0b02db1b5c204d6.2,2049,613,0,0,725,0,1017,239,576,0,273,0,0,892,0,0,0,0,0,0,0,0,0,0
a75a28c079f8d2907b6d787d42321aa9181af4a2ea11661ddeb2c64880fb1f21,2656,951,0,0,3561,0,896,80,0,0,421,0,0,950,0,0,0,0,0,0,0,0,0,0
a7e6decafefc73c92fe85040820d83bd4b1c326689b6e9452a160d25bc980a98,0,0,0,0,0,0,9254,888,0,0,0,0,0,602,0,0,309,0,0,0,25,0,0,0
a8abb113e589e360a9aaa31db4883f56206e49bc70b6d3577eb4736ba40018d7,869,485,1453,0,1115,0,3528,1586,0,0,332,0,0,0,0,0,0,0,0,0,0,0,0,0
a968458c4aa5fb6e51d777b44f5fd8f0c563732d2c2a7ec5dc93cd5f8695407a,0,0,0,0,0,0,0,4739,0,0,0,0,0,360,0,0,0,0,0,0,0,0,0,0
aa65a09b407bbeb0954d4632fd062dd8487c6fd8cdcfbc6ee25213fbe40f184c,1518,870,797,0,0,0,1350,2282,138,0,676,0,0,296,0,0,0,0,0,0,0,0,0,0
aacbb2aa070b806093aadacc0466a763cee154f567646cc2ba433b7f6869c248,916,1172,3870,26,0,0,5791,162,428,0,813,0,0,0,0,0,0,0,0,0,0,0,0,0
ab989ee5292af30a60ec0513ddc11cf15438035981075b0857e0d057d010c1fb,0,732,3131,0,0,0,11359,6107,0,2079,1440,0,0,881,0,0,0,0,0,0,0,0,0,0
ababdefc84d79651cc5cbee04223ebff2d3479f79542ab018ed7dd62c21fbb06,1713,1185,0,0,0,0,0,1099,0,0,0,0,0,33,0,0,0,0,0,0,12620,7596,0,0
abe0a2a743467f12a0a73ea6ef97fb1e22252f323b8400b41fa90d4526b58d12,1518,210,650,0,0,0,619,923,0,0,0,0,0,2366,0,0,81,0,0,0,0,0,0,0
acf69aa660142cf43def706fbb84f6b9214ffaa15e9a8b5dc86e42d1b80b182d,3041,841,0,0,4717,0,1286,213,0,0,791,0,0,2539,0,0,0,0,0,0,0,0,0,0
ad911862aca0a6b42d094875b3135f5a8e850ce1a11394dca9913cda419fe972,1500,0,0,0,0,0,3242,1866,0,0,0,0,0,5416,0,0,0,0,0,0,0,0,0,0
adef0e9ec80a088f6b632bc006df596c95352367ba861b37ee8a875cc8f6102c,0,0,0,0,10658,19965,0,0,0,9057,0,12457,554,0,0,98563,0,0,0,0,0,0,0,2917
af2e66fc3118bd5100b0d503caedda230b2b515a097537f873cd0190a115d44f,2987,559,9840,0,0,0,0,1781,0,0,0,1385,0,2361,0,0,0,0,0,0,0,0,0,0
b095be882857633de948faf0619072298aa64461fd058af02352f8961c273320,1783,0,0,0,0,0,0,252,0,0,0,628,1686,12063,0,0,0,0,0,0,0,0,0,0
b095be882857633de948faf0619072298aa64461fd058af02352f8961c273320.2,1698,0,0,0,3145,0,0,313,0,0,0,779,0,12162,0,0,0,0,0,0,0,0,0,0
b0d1263eaf6c8f36ab1f54a617bbc331c85ff04bf58ad52e2a76eab31cf9dea3,0,0,0,0,0,0,0,0,0,0,0,0,0,0,0,0,0,0,0,0,0,0,707,0
b1e3464f5718a6c674ee1a8da4a92ab7cc4f892e1b2e7a25cc7401f5c734124e,2130,0,908,0,0,0,0,1852,0,0,0,0,0,2962,0,0,156,0,299,0,0,0,0,0
b26feac50fdbedc8eafcc6a61ae136ce3d2c1ec0a371f095e192f21588ebfa3d,3205,1014,0,0,0,0,1900,1192,0,0,0,0,0,3298,0,0,0,0,0,0,0,0,0,0
b2f3a00c65761babe08a8a09c89691ee12894d2a0291d029cc4786fcf0dd6ed4,1053,726,170,0,0,0,1257,713,0,0,0,0,0,1011,0,0,0,0,0,0,0,0,0,0
b31dbb31ade8cd2712f4def82dfc69fe473e66bd114485878466cd88714675a1,2441,1274,10,0,764,0,2479,264,0,0,479,0,0,1345,0,0,0,0,0,0,0,0,0,0
b36a54f3952a12ee5c34f2e8ab1b5ae41c4f5a1eb843081b71a2f89529cc607c,0,0,0,0,0,0,0,0,0,0,0,0,0,3549,0,0,0,0,0,0,0,0,492,0
b5217a2605627aca89ea9e9cf416cb25699e1a2a080d332592db3b272750fb9e,0,0,0,0,0,86535,0,20487,0,0,0,0,0,150,0,0,7397,0,0,0,0,0,0,0
b5ac3e4486fc321cc8b938f32cb5dadc810e4091b7e1bf0c8cf67fe3d1ad79d6,1255,914,0,0,1004,0,4991,252,0,0,380,0,0,295,0,0,0,0,0,0,0,0,0,0
b79580c5b084a20cd9d522fa745b78bc86c0c0b1172e150112e05f1cc4c8304d,0,0,0,0,0,0,1552,3165,0,0,0,0,0,0,0,0,0,0,0,0,0,0,0,0
b83276e275db581581238ffb61e2680ef11a9bb54ad19bc8f70fbee175d10b5d,15312,0,0,0,0,0,0,0,0,0,0,0,0,560,0,0,0,0,0,0,0,0,291,0
b87e55cef8e89a6b9e01ccc33a5442d214d9b387fb5167242ee5870765f1e40b,3534,2011,0,0,0,0,2010,1146,0,0,0,189,0,1831,0,0,0,0,0,0,0,0,0,0
b8b2821ff551cc8cbf1e4a991c8b194f55891abaf407569629bcb3acb131c19a,2586,0,1227,0,0,0,463,1376,0,0,0,0,0,2156,0,0,0,0,0,0,0,0,0,0
b8b7637a8d22837847d02df6a4587bd93fcd2c9ed21ef04893336f3c7dd6ddba,151825,18666,0,0,845151,0,0,0,0,0,0,0,15118,0,0,0,0,0,0,0,0,0,0,0
b8bfd29057a30c787f3ce32ad6fd64aeb349043a52c25d917cb28644bc0a48a0,1713,1637,9868,0,0,0,0,14013,0,0,1561,0,0,0,0,0,0,0,0,0,0,0,0,0
b9c930ab63b7407c3fa8c53f8552e1a66ab9f970dfc436e2e51bd05414618648,3526,0,1043,0,0,0,1220,1399,0,0,0,0,0,3469,0,0,0,0,0,0,0,0,0,0
b9ea87e34b63b2829a4325cb9a3b6735aaf98ad39f4281a228b69dcdef430130,2703,0,0,0,0,0,2554,448,0,0,0,0,0,2546,0,0,0,0,0,0,0,0,0,0
ba008d8420c4c99b5649df06ad0963679f745af843694ab2177999e77007f274,1245,408,3984,0,0,0,0,1438,0,0,0,0,0,1344,0,0,119,0,0,0,0,0,0,0
bb045204c5ffa7051c634c2e95e79c1cd747e7ef90f17f0028c79e8e43d17a9b,4131,806,0,0,0,0,1817,1153,0,0,935,0,0,1845,0,0,0,0,0,0,0,0,0,0
bb12d9bb26703270e2fcfbff31177ae565874daf2528647fedd249b6c2935cf2,636,0,0,0,0,0,0,2581,0,0,0,231,0,2783,0,0,0,0,0,0,0,0,0,0
bc79d401dc11ae3b9fb974a8e63e8bf333b96c1440945786d137f03674496f08,622,3483,1183,73,0,0,5141,0,0,1723,2778,2122,0,397,0,0,0,483,0,0,0,288,0,0
bd0b25935bc8755ba84befd0ed0ccea133d82b094e0ffa3d4955e5b185c4e09f,2376,0,416,0,0,0,2028,2354,0,0,0,0,0,2033,0,0,0,0,0,0,0,0,0,0
bd8b41d77f905bd068f01e8ac5dc0b7ef04d8ac2215d4154c0738348b8918278,4836,1085,0,0,903,0,3247,520,0,0,914,0,0,6348,0,0,0,0,0,0,0,0,0,0
be676cca94bc8602cb0eef47fafa62ae3665d31d7eae696604c0b2d1c11a4cbd,0,0,2873,0,0,1336,985,4727,0,0,0,0,0,10956,0,0,0,0,0,0,0,0,0,0
be968792772699a12e22c87670fa3f80e7c142271bdd98b62f4fb62f8fd4595c,0,0,0,0,0,394,0,1795,0,0,0,0,0,79,0,0,0,0,0,0,0,0,0,0
c3665bc6f6a1cdf8269db11e730221a95e50887912aaa0111c80ad13afa58eed,345,510,0,0,10,0,753,1134,211,0,622,586,0,1390,0,0,0,0,0,0,0,0,0,0
c38c7f036a705ba76a61d74c12e731be96998f55f2d811acaf0be815077ada0a,1667,2419,7190,0,0,0,650,1308,0,1904,2928,0,0,1881,0,0,0,0,0,0,0,0,0,0
c4576ef6950092fd647b7e0ccdf5e46cbfa3da5648f93f5e8c40f76bbf59fad3,1542,265,596,0,253,0,2363,702,288,0,0,0,0,18,0,0,0,0,0,0,0,0,0,0
c4577b94393c6a47c5033065ba9a879329432ceb9cb8b6ee590c9023e0c9efb5,0,0,4678,0,0,1405,0,1594,0,0,485,0,0,0,0,0,123,0,0,0,0,0,957,0
c5470714db694a4a422ae88accca649e5a1c1101caedd86d2585edb7a1ab4d71,0,2865,0,0,377,1432,507,2696,0,16448,0,5520,0,0,0,21790,0,0,0,0,656,0,0,0
c60ea332ac60a35404032dad8cda635f834429b2040098e2cb247d2f54b6b4e9,589,281,1047,0,2175,0,0,0,0,0,0,0,0,921,0,0,0,0,0,0,0,0,0,0
c663059a37d1a1a67f9db09184aba83ae618af0e1717aaa1650eb81abaa83e10,1973,735,977,0,0,0,2369,4521,0,525,0,0,0,922,0,0,0,0,0,0,0,0,0,0
c6872050642efc50838c33494a3f26c7a912efcda4b2d355306aab91b8a77db4,3523,0,5395,0,0,0,0,3199,0,0,0,0,354,277,0,0,0,0,0,0,0,0,0,0
c72589bc8e2b3e3e7373fbf0b5adb4c67dfb65afa28950d68bc08e94b4e5f6e6,4166,1195,0,0,0,0,0,2228,0,0,1345,0,0,0,0,0,0,0,0,0,0,0,0,0
c7bfd214f91659c29c94ced600fe7a2ec9409351d81f69446f129280522b09dd,320,541,0,0,0,0,4012,1508,196,0,805,438,0,512,0,0,0,0,0,0,0,0,0,0
c8520defc94e82f4984f47e47d452a9d06d0643704636037feb2782a757df487,493,0,5065,0,0,1215,0,2150,0,501,0,0,1471,0,0,0,0,0,0,0,0,0,0,0
c92b6c3dc5d7ab373cca89e4261a451f1a5d86b4d5bc05d7136fabb995f4d353,3674,0,0,0,0,38777,1396,158,0,3717,0,0,0,1706,0,0,0,0,0,0,0,0,0,0
c9db481edc32ce76746d2f099953d6010d3bd2d53c4ede5b89c5339ce551798c,15757,0,0,0,0,37564,9199,627,0,9816,0,1205,0,5791,0,0,0,0,0,0,0,0,0,0
ca5d2c19174791eda451f1994223b4c5b78a668e5b135230f5149eb7d65a97d3,3327,0,874,0,0,0,550,6513,0,0,1023,0,0,1061,0,0,0,0,0,0,0,0,0,0
ca7711a3704bf6c3c53c8da9151d70fb1b412e52dab8a03e3380611d9669e750,4328,871,450,0,0,0,0,212,0,0,0,0,0,0,0,0,0,0,0,0,0,0,0,0
cb5a5cc0336981375208f731fe0f52f391d51f6bc6742746b19ddfd58e6f83e4,6332,0,1335,0,0,0,358,2922,0,0,0,0,0,2589,0,0,0,0,0,0,0,0,0,0
cb69d1fba616ddc3cedf635f4a60d4e5a10e7206e091253e753900a02eac908e,2667,1289,19454,0,0,0,0,893,0,0,1550,0,0,648,0,0,0,0,0,0,0,0,0,0
cb938cf52fa2b27bdf2d234f30a67f7e766ec1731bae4fe380170a6ce5dd61fa,1837,770,0,0,3939,0,302,114,0,0,0,0,0,3356,0,0,0,0,0,0,0,0,0,0
cbb3fe1356e892fcf4ab170f32437b31912d670782c764965203603bc9205337,3680,766,0,0,484,0,2189,609,0,0,0,0,0,3101,0,0,0,0,0,0,0,0,0,0
cd056b00c8eea9e5c9bcae0bdf268f74dcd3ff4ab85c71752c76792e7937234b,950,411,1596,0,4883,0,0,564,0,0,0,0,0,0,0,0,0,0,0,0,0,0,0,0
cd65d105ecaafbe94b32932c5444b28fa23317020bdd82012babdca9266577fd,2994,670,715,0,0,0,2250,799,0,420,0,0,0,359,0,0,0,0,0,0,0,0,0,0
cd65d105ecaafbe94b32932c5444b28fa23317020bdd82012babdca9266577fd.2,3066,641,0,0,0,0,3782,506,0,630,0,0,0,321,0,0,0,0,0,0,0,0,0,0
cda8761bee34e8f7563e187e3ef25f09026b7f16a1d27aa6e920db7f2b79bc1c,35448,5201,0,0,228560,0,0,0,0,0,0,0,5300,0,0,0,0,0,0,0,0,0,0,0
cdbcf2fc8ac3cd58a70dadea86a7d583d51754be9a38177c868368d3b1481976,1346,0,7460,0,0,0,4985,1361,0,0,0,0,0,0,0,0,0,0,0,0,0,0,0,0
ce9a526645ba13e896ad4b1064491b79b8a5d091768299fbe2eae74f4c5b7c24,1717,401,0,0,817,0,1653,65,126,0,278,0,0,98,0,0,0,0,0,0,0,0,0,0
d06edce9bcfc01daaf65ac43244b76ff54a7a6b548ae7dc38c4bfcc0c04dcdcd,0,0,0,0,0,0,115,2818,0,0,0,0,0,41,0,0,138,0,0,0,0,0,0,0
d0f07dbe50b17d281d72e7f09b962f4e75e676ff37d2497a1f6c721b17148d66,4627,907,0,0,141,0,1838,362,0,0,0,0,0,1122,0,0,0,0,0,0,0,0,0,0
d1d692f974e6dbbf5cc7610bed5e488d3d142979c7f3b01e199b273d70bd7fb8,1376,0,0,0,0,0,3993,1512,0,0,0,0,0,64,0,0,0,0,0,0,0,0,0,0
d24acdce61e6c3eacd25728dfceea573cb8ebbb4a0f81179e38b9d91783b064f,0,0,0,0,0,0,0,0,0,0,0,0,0,0,0,0,0,0,0,0,0,0,810,0
d2588a7edd6efd35550bc49ebb03aae4445eec879c3a29a0c15e5a73654f2d04,0,0,0,0,0,0,7,3354,0,0,0,0,0,15,0,0,0,0,0,0,0,0,0,0
d2588a7edd6efd35550bc49ebb03aae4445eec879c3a29a0c15e5a73654f2d04.2,0,0,0,0,0,0,7,3040,0,0,0,0,0,31,0,0,0,0,0,0,0,0,0,0
d2736f3a3d17df5d3dd2fcb76ecd3043e35464dd05b5b86e3722d86578c68eef,0,0,0,0,0,1147,368,4493,0,0,0,0,0,0,0,0,0,0,0,0,0,0,0,0
d297f88c680bb3e403b8cbc5f0fa85bbff0b31f1a2c12ded70e1a95e58580ed9,0,0,0,0,0,0,0,1240,0,0,0,0,0,0,0,0,0,0,0,0,0,0,0,0
d2f9a56f010f5bc0e3d65890a416e91d6ce69b2bcb1c0f76de9345dd835fe6bb,3730,355,9403,0,456,0,0,239,0,0,0,0,0,1933,0,0,0,0,0,0,0,0,0,0
d3012eb5c1795f63ef44bf0f03e6c91a8bc5bf93bdfa44288e02764c8dfcabb3,0,0,0,0,0,0,187,2307,0,0,0,138,0,0,0,0,0,0,0,0,0,0,0,0
d36f854150d37a7ff0382047dcbe684c3c6247e07dd28de26c34f4e046ac2db5,772,480,0,0,1397,0,3597,144,386,0,399,0,0,808,0,0,0,0,0,0,0,0,0,0
d40d194d9493bd72f8125a6aa6e6cdeca41845e8ab0fc204301d01c3f9559bbd,1600,1288,2246,0,0,0,0,2365,0,0,1422,0,0,0,0,0,0,0,0,0,0,0,0,0
d4c95d7413e88f9739a2fb25dfdddb938f57520c6d76a454a6c3d037ea9ff977,129,0,0,0,0,0,620,282,0,0,0,0,0,2571,0,0,0,0,0,0,0,0,0,0
d79836f11b8c4e35b1d6ea1b73432c12faf524365b705494a0b69a6a96e81dca,0,0,24,0,0,747,4214,331,0,0,0,0,0,0,0,0,97,0,0,0,0,0,0,0
d91afc2f2ce5e663c474bccf20ea8abd1fdcf1a1d735d8422712b36ea154040e,0,0,0,0,0,0,21,3947,0,173,0,0,0,0,0,0,0,0,0,0,0,0,0,0
d9ae1705ce0b4462ff82a46be3d5304819ffddc3715bbb6afd6e6181b8519846,2791,254,3270,0,0,0,0,1046,0,0,0,0,0,1971,0,0,0,0,0,0,0,0,0,0
d9b28bce2ac1e8c6a6ea51c8363ea95bf522dea7876935acb451648cfe407994,0,0,0,0,0,0,4889,682,0,0,1513,0,0,2090,0,0,0,0,0,0,0,0,0,0
da18c31db546064e13e52c2588336eeb857884ce6c49971652647270c1791c08,3379,1581,405,0,0,0,419,2161,459,0,0,176,0,1952,0,0,0,0,0,0,0,0,0,0
da39706c902081bc4de43f099bf43e63bd8e796caf962e6614b138ce648015ac,3501,512,2349,0,1319,0,0,427,0,0,296,0,0,1563,0,0,0,0,0,0,0,0,288,0
da859c8e95cc5acefde4e70aaed8fc89449c2aa5d9a6cef6202041987840e0a3,2260,832,0,0,1839,0,2600,131,0,0,407,0,0,223,0,0,0,0,0,0,0,0,0,0
dad6778649d2378d03f4b02bb462e1483819a93872c24348bcdbb62b2c6fa047,443,0,0,71,0,0,6399,359,0,0,0,187,0,0,0,0,0,0,713,56,0,0,0,0
db31fa7c88d25e611a335be7e5374be4c905a9079063b04fe81905e55a7d1020,1085,421,0,0,3487,0,271,91,0,0,0,0,0,0,0,0,0,0,0,0,0,0,0,0
dbdc97310a0875cbdc300e28039a070298a95866ea6b6e3d25d80fa48bc44579,0,0,0,0,0,57,343,1081,0,0,0,96,0,0,0,0,0,0,0,0,0,0,0,0
dc28fc658e49e8706e5bc935d936179bb301b40fa1c23c6b4a79e12a72ead1e3,6463,757,2258,0,1004,0,0,177,0,1541,0,0,0,3403,0,0,0,0,0,0,0,0,0,0
ddbe3673feb6caaa40694506650420d1feeb0bd3de13ee81576efb6322e79ee1,2574,0,735,0,0,0,1043,1673,473,0,0,0,0,2393,0,0,129,0,0,0,0,0,0,0
e068bb52df93bc7010fe0a106a4c020c3ca1a4df702450e1f2cbeb32498d2477,5651,919,994,0,0,0,3460,363,0,0,791,0,0,2430,0,0,0,0,0,0,0,0,0,0
e1b2d7684cd7ed797f54d3996d6e5ddde59728fc88304ef2ca66b0b8593dd4ff,2029,998,4947,0,2096,0,6040,945,0,0,1003,0,0,961,0,0,0,0,0,0,0,0,0,0
e26373e3064c37d6a8bc3cd736998e37a396e3f84e46ee0fb03d1d5d99a76c53,3701,0,0,0,0,0,0,2371,0,0,3383,640,0,418,0,0,0,0,0,0,0,0,0,0
e28ac921f54f5818462d387b9c61bba5f72d25451cbc98f5e1804f741c1f1fe7,3335,893,439,0,0,0,124,1899,0,0,0,0,0,3803,0,0,0,0,0,0,0,0,0,0
e2aeac309d13554e37f1444afa40b383005f7edb99e40588c1e8fab9931dc81d,2566,619,0,0,1940,0,2630,514,0,0,0,180,0,209,0,0,0,0,0,0,0,0,0,0
e308def3a33079a84267fe54fe2e611bcf37616a0b05c1a6586db411f5fa1086,4379,5044,0,0,5462,0,6167,235,1874,0,2529,0,0,1717,0,0,0,0,0,0,0,0,0,0
e3120ebeac83fcb6900883a1fd140d8871ba9c4e503203fc2058648ef636df81,595,239,815,0,557,0,0,37,0,0,154,0,0,519,0,0,0,0,0,0,0,0,80,0
e3271ccee7d736f7a876d8582ce224239ba68d7558af1f46de04e7024b9511c3,0,0,0,0,0,0,0,549,0,0,1619,0,0,4401,0,0,0,0,0,0,0,0,352,0
e371d3d80a557bcca0c432e286e31b320554ca59adccb179f38e5c3bbb2a0a0e,5636,463,902,0,0,0,1100,1044,0,0,0,0,0,0,0,0,0,0,0,0,0,0,0,0
e47a532bbb49cb08688ac3d50b5229d72adb20ab9182dffbe43f7330533d89d9,3637,514,0,0,22018,0,0,0,0,0,0,0,61,1317,0,0,0,0,0,0,0,0,0,0
e4831d0fe318c0dfe320eb9be0148336ad1a096e5a3f8675fe517ec2b5d82de6,1044,0,0,0,0,0,4520,1293,0,0,0,0,0,64,0,0,0,0,0,0,0,0,0,0
e4b80679fbce7ca2acb63fd127363572dc0ca706328a1932fdee2358a9080110,2451,270,2120,0,2084,0,0,794,0,0,0,310,0,2876,0,0,0,0,0,0,0,0,0,0
e4eff69a9c68de30334a87dc47345d6cb260f93719733c94e4a39daa23ac0cb1,0,211,0,0,0,0,1037,5070,0,0,0,1182,0,1180,0,0,0,0,0,0,0,0,0,0
e5bce2d839dc7736f8efebae58cb2a5f50ff261db785b8831e4c438bfcc5b936,2079,1050,0,0,1941,0,1946,671,0,0,500,0,0,1517,0,0,0,0,0,0,0,0,0,0
e690adbb9f70f16aad05be4aedda090d0c444522844f6f8d51df380106e4ce49,1224,498,8073,0,0,0,2593,715,0,351,298,0,0,0,0,0,0,0,0,0,0,0,0,0
e6c11c6fb5881ea37c29f9a93b0fca175c770670e1571034d32b3ad098b761ab,5211,814,6037,0,0,0,0,2690,892,0,0,327,0,2456,0,0,0,0,0,0,0,0,0,0
e7af9a8f5176677e829f051de9d912d834c516322635042e4780a570683898ab,7626,738,914,0,0,0,801,208,0,0,0,0,0,4075,0,0,0,0,0,0,0,0,0,0
e84d029db3c2d35a013a99913998cdcffcde540aef12dfa4a0f91ca771f0bed0,2998,276,152,0,0,0,0,111,0,0,192,0,0,0,0,0,0,0,0,0,0,0,0,0
e8c62d34a531db3e667add461efc2088c2ab62a1a039b0873224d69c60b0797d,673,804,4027,0,0,0,568,321,92,0,759,0,397,0,0,0,0,0,0,0,0,0,0,0
e93d48436c2be6a3704bb914c29940a4198d5c8d9f25d25de3cbf48db41c8c1c,0,0,0,0,0,33433,4041,371,0,0,0,4327,0,491,0,0,0,0,0,0,0,0,0,0
eb01c179c96883f021d76d3724e2fd64d580d2e11f2fbbbcab6b83d8e8ffbb3d,122,0,590,0,0,0,0,0,0,57,0,0,0,0,0,0,0,0,0,0,0,0,0,0
eb2129a387569f511d7a26d2426d057673d2cdf75a5d847f8f1cf116f1816b01,0,0,0,0,0,0,0,3793,0,0,0,0,0,33,0,0,0,0,0,0,0,0,0,0
ebb906810ec699e562cb9358a0c4915317c76ed19bdf166cb8b26aa61c8d8696,3296,351,2146,0,0,0,0,1980,0,0,0,0,0,4519,0,0,0,0,0,0,0,0,0,0
ebf7ea541c0d14c205dd1a7d16ed894a4ef2c0d5796122bf22a791b5114859da,2169,861,0,0,0,0,2642,838,0,0,678,0,0,954,0,0,0,0,0,0,0,0,0,0
ec1086015889ae545b0cb5b98d60a7a02bafe2a5650f7e32990ace37c08e5f1c,852,419,0,0,1635,0,3259,87,0,0,480,0,0,0,0,0,0,0,0,0,0,0,179,0
ec1b7dd053c6288890ebba70cf1089af8943d7c5876796aaaa527b7a4131794b,1745,0,2647,0,429,0,5240,1497,0,0,1231,0,0,4329,0,0,188,0,0,0,0,0,0,0
ec3960b75b04a71a3556d04f59871aa6b5a6dd32c0738b859825533ede013b7e,3396,0,0,0,0,0,0,1421,0,0,0,0,0,3068,0,0,0,0,0,0,0,0,0,0
eceb44da19ee3715c17ffb12e56c8ce4a25061e052f0da1267bb36ba0a4e2f23,1708,0,244,0,0,0,6042,1632,0,0,0,0,0,41,0,0,0,0,0,0,0,0,0,0
ede9d5169929a219ad3172388cff1c027c414717341449633414330b85746bd4,0,0,0,0,0,0,2419,1070,0,0,0,0,0,0,0,0,103,0,0,0,0,0,0,0
eeec562d1a98640af7005338aa004e389a65ee1d8e2c9bd9d08bd1e9a2095753,6000,1774,0,0,0,0,657,1103,0,0,0,0,0,4557,0,0,0,0,0,0,0,0,0,0
efab5fcee88a0b39b42a69c06217ee8eb2163fe6737a38d90c549c14705b4172,7358,786,0,0,0,0,1898,689,0,0,555,360,0,186,0,0,0,0,0,0,0,0,0,0
f0a60d6e4aad4d410a44b5a3ec34937f208723b909b2ac8d47beaf01bbc47b15,2714,487,1278,0,1624,0,2872,1925,0,0,0,0,0,1257,0,0,0,0,0,0,0,0,0,0
f0b27a5c1dec65e39603bbdf0f8b3943b12d34a9bc9e33ed76b142e9242606c5,2140,218,923,0,2512,0,796,253,0,0,0,0,0,1790,0,0,0,0,0,0,0,0,0,0
f0e5bb894c49e0e03825e7341f587c1848aa203384f70cd0edaf7f76c3af2c8b,3366,628,0,0,465,0,2020,221,0,0,0,0,0,2228,0,0,0,0,0,0,0,0,0,0
f12cb40ba608e9ba3fd0d02ba87d2b42dc97e4a7c12debe83992b750aa93f2f2,3260,0,1338,0,0,0,0,80,0,0,60,0,0,0,0,0,0,178,0,0,0,0,78,0
f3c6585c83099259a929a7fc221b5702558e1bfd3ee5c9584a216a59f950aaff,2491,0,439,431,0,0,4800,1149,0,0,0,0,0,0,0,0,0,0,330,0,0,0,0,0
f3ff3bc6be71efe394d7d3bc6e06b6461937a7d825272189d03703e3691b4f30,0,0,0,0,0,0,0,0,0,0,0,0,0,4908,0,0,0,0,0,0,0,0,3342,0
f44e0972cfd2a4662deefb110296d0af72b94a8d35c4345d7a35b48341ece7c4,0,0,69,0,0,0,0,4781,0,0,0,184,0,0,0,0,0,0,0,73,0,0,0,0
f4661599926f32245eb1f3e52788501bd0897f45a6b27ca5cdede18edb14be28,1647,0,13988,0,0,0,2753,328,0,0,0,0,0,0,0,0,0,0,0,551,0,0,0,0
f741eb7454e6474919d5e75bcbdaddc5978b1993ed5d22dbd07e8b0e36e2d2d3,2747,646,784,0,147,0,5552,204,0,0,620,0,0,0,0,0,0,0,0,12,0,0,0,0
f751ad9c51d4d4b972e9bc370eeccbc3bfd4b5973511f08a36b8410baccf7cb8,3576,1353,1367,0,0,0,6281,3890,0,0,1803,0,0,953,0,0,0,0,0,0,0,0,0,0
f766c67a2f3bc4d0cbb92614275ac052201cee5880928b2acd169e5802027797,815,344,0,0,752,0,980,203,0,0,179,0,0,0,0,0,0,0,0,0,0,0,0,0
f766c67a2f3bc4d0cbb92614275ac052201cee5880928b2acd169e5802027797.2,1940,543,0,0,1210,0,2290,655,0,0,453,0,0,15,0,0,0,0,0,0,0,0,0,0
f766c67a2f3bc4d0cbb92614275ac052201cee5880928b2acd169e5802027797.3,2091,525,0,0,996,0,2194,546,0,0,429,0,0,0,0,0,0,0,0,0,0,0,0,0
f837f50314409b71ad656412600a3a034ef97816e1717c200ccea489b29cbedc,0,0,0,0,0,0,3714,422,0,0,0,0,0,0,0,0,228,0,0,0,0,0,0,0
f8b3f47b00dacdd3247c0452ab29c6b05822bc0cdc369d59f0747bb609554338,1525,0,0,0,0,0,7069,311,0,985,0,0,0,9,0,0,0,0,0,0,0,0,2147,0
f9b321ca7e0e9d738cc4bdc16df6335c03a699de6cfdc1f0aaec1d18f17654ad,0,0,0,0,0,1002,2869,2032,0,0,1159,0,0,4526,0,0,0,0,0,0,0,0,0,0
f9b321ca7e0e9d738cc4bdc16df6335c03a699de6cfdc1f0aaec1d18f17654ad.2,751,613,0,0,0,0,0,1575,0,0,816,0,0,3573,0,0,0,0,0,0,0,0,0,0
f9b321ca7e0e9d738cc4bdc16df6335c03a699de6cfdc1f0aaec1d18f17654ad.3,335,0,0,0,0,0,661,1754,0,0,605,0,0,3644,0,0,0,0,0,0,0,0,0,0
f9d19a40c8e96a56205af0a2f2b7290a94f07f82c9635cac07dd71c063a5fa64,483,0,0,0,0,0,18991,0,0,0,0,0,0,0,0,0,0,0,1632,84,0,0,0,0
fa37be85256c1efbac0501eb13ae1daf9f0fcaff4a7cbb3d2f4420f70f75d334,5762,441,2029,0,0,0,3286,2717,0,0,0,0,0,336,0,0,0,0,0,0,308,0,0,0
fadb396bcd77015f5a1a0dbdc830b53d9d9439ea9455173079b65e5221242029,1459,1121,629,0,0,0,1567,2727,0,137,657,292,0,0,0,0,0,0,0,0,0,0,0,0
fb00842bd1734e60502617b2527f525df3570b71df2878f9419bf3436b6d77d2,15663,2444,0,0,96498,0,0,0,0,0,0,0,8895,0,0,0,0,0,0,0,0,0,0,0
fb1c71971284e6a79676c65bb385dbe329a43c2ac9aa36e5add6f7c1eba0db49,0,0,0,0,0,0,2011,69,0,0,0,0,0,20,0,0,0,0,0,0,0,0,0,0
fb7630da01d0cd9d9e94a5b5202a0f97873a7ae9302ae8b33aadd3274f6c291b,0,0,0,0,0,0,0,0,0,0,0,0,0,925,0,0,0,0,0,0,0,0,968,0
fbcc66da7a4073672ef3f6cc4217349773552ed719dd04f411cc2f1e55587453,1836,576,6600,0,0,0,0,3052,0,0,0,0,0,3399,0,0,242,0,0,0,0,0,0,0
fbfc6db2b112a17deba998fee516899a4e6acf64b784dd7289cb18f7cfe5d1c3,1733,212,39,0,0,0,4099,4287,0,0,0,0,0,54,0,0,207,0,0,0,0,0,0,0
fc9a6db4412fe7bd4e1b33debfdfe8a23bb42121d683d7cc06f48ba669595fe5,2093,0,0,0,0,0,3389,1106,0,0,0,0,0,42,0,0,0,0,0,0,0,0,0,0
fc9a6db4412fe7bd4e1b33debfdfe8a23bb42121d683d7cc06f48ba669595fe5.2,2258,0,0,0,0,0,3676,1168,0,0,0,0,0,40,0,0,0,0,0,0,0,0,0,0
fd3c269acb7e9136adf6d5418d5330e83f6bc68f865eb5ee0b529956ca6e8747,4420,4281,0,0,0,0,1342,1302,0,0,1664,321,0,4100,0,0,0,0,0,0,0,0,0,0
fe0b3ead4cbb6ad5487dc879401aa46f1069031f2a308a20cc1b47086d932956,3256,0,997,0,0,0,2050,307,0,0,0,0,0,1457,0,0,0,0,0,0,0,0,0,0
fea8e6717ae789b7a0d25764f7f96d653d0d4aab39892c2c6323aafdda63b4ba,6029,3678,0,0,2520,0,4009,266,763,0,2206,0,0,3080,0,0,0,0,0,0,0,0,0,0
ff1ae33882f94afb4a45a6e93d6871f835891aecc93d52799058a07f25a0f449,0,0,0,0,0,0,0,3721,0,0,0,0,0,0,0,0,0,0,0,0,0,0,0,0
ffe2e6c271347f25927c6e8975685a1b04934a0406f589f3df1608de00a7719f,1720,350,649,0,0,0,930,1601,379,0,0,167,0,1036,174,0,119,0,0,0,0,0,0,0
ffec2a7d87781f847089728bd219d4ecd7dbb6701ac6688b994e754330172c20,2989,0,883,0,0,0,551,1506,0,0,0,0,0,3438,0,0,0,0,0,0,0,0,0,0
ffedffc3ce438befa0e4d0c20dc30ac3575ad8df98f4acab601279ee7ab35f14,4540,322,1608,0,1431,0,1929,645,0,0,0,0,0,2968,0,0,0,0,0,0,0,0,0,0
fff28d604ad38acee1c554c2c8ae8106f1b7325c057436bdb75b87bf12897fbd,0,0,0,0,0,537,0,4816,0,0,1448,0,0,42,0,0,0,0,0,0,0,0,0,0
