pair,Signature.1,Signature.2,Signature.3,Signature.4,Signature.5,Signature.6,Signature.8,Signature.9,Signature.11,Signature.12,Signature.13,Signature.14,Signature.16,Signature.18,Signature.19,Signature.20,Signature.21,Signature.22,Signature.23,Signature.24,Signature.25,Signature.27,Signature.28,Signature.30
0124,4167,0,913,0,0,0,1274,0,0,0,0,0,0,0,0,0,0,0,0,0,0,0,0,0
0125,7424,0,1,0,0,0,1102,0,0,0,0,0,0,0,0,0,0,0,0,0,0,0,0,0
0128,1068,0,340,0,0,0,0,149,0,995,140,0,984,0,0,0,0,0,0,0,0,0,0,0
0145,8462,0,0,0,0,0,1849,0,0,0,0,0,0,0,0,0,0,0,0,0,0,0,0,0
0152,4271,0,227,0,0,0,2334,20,0,0,0,0,0,0,0,0,0,0,0,0,0,0,0,0
0155,4955,0,0,0,0,0,1695,0,0,0,0,0,5,0,0,0,0,0,0,0,0,0,0,0
0171,4964,0,0,0,0,0,1737,0,0,0,0,0,0,0,0,0,0,0,0,0,0,0,0,0
0185,3865,0,0,0,0,0,877,0,0,0,0,0,2,0,0,0,0,75,0,0,0,0,0,0
0190,5852,0,0,0,0,0,349,0,0,0,0,0,0,0,0,0,0,0,0,0,0,0,0,0
0210,5434,0,20,0,0,0,1397,0,0,0,0,0,0,0,0,0,0,0,0,0,0,0,0,0
0211,4778,0,0,0,0,0,2243,32,0,0,294,0,0,0,0,0,0,0,0,0,0,0,0,0
0214,4362,158,648,0,0,0,874,0,0,0,0,0,301,0,0,0,0,0,0,0,0,0,0,0
0221,1158,0,401,0,412,0,0,42,0,585,159,0,309,0,0,0,0,0,0,0,0,0,0,0
0648,3714,152,0,0,0,0,4022,0,0,0,0,0,168,0,0,0,0,0,0,0,0,0,0,0
0744,6859,0,0,0,0,0,3690,0,0,0,0,0,0,0,0,0,0,0,0,0,0,0,0,0
0745,2731,0,723,0,0,0,4044,0,0,0,0,0,0,0,0,0,0,0,0,0,0,0,0,0
0877,6100,0,501,0,0,0,1444,0,0,0,0,0,0,0,0,0,0,0,0,0,0,0,0,0
0881,83,62,3,0,0,0,314,20,17,0,0,0,0,0,0,0,0,0,0,0,8,0,0,0
1034,6584,0,0,0,0,0,731,0,0,0,0,0,0,0,0,0,0,0,0,0,0,0,0,0
1063,6326,0,2328,0,0,0,0,0,0,0,0,0,0,0,0,0,0,0,0,0,0,0,0,0
1086,1195,55,0,0,1526,0,0,0,0,0,0,0,5,0,0,0,0,0,0,0,0,0,0,0
1389,2610,0,515,0,0,0,19,0,0,0,0,0,13,0,0,0,0,0,0,0,0,0,0,0
1401,4223,431,800,0,0,0,2949,622,0,0,0,0,227,0,0,0,0,0,0,0,195,0,0,0
1402,5645,0,470,0,0,0,611,0,0,0,188,0,0,0,0,0,0,0,0,0,0,0,0,0
1438,2558,0,412,0,0,0,0,0,0,0,0,0,0,0,0,0,0,0,0,0,0,0,0,0
1454,5089,0,0,0,0,0,275,0,0,0,0,0,513,0,0,0,0,0,0,0,0,0,0,0
1459,3201,0,0,0,0,0,3065,0,0,0,263,0,1034,0,0,0,0,0,0,0,0,0,0,0
1460,369,0,22,0,0,0,0,27,0,0,0,0,1291,0,0,0,0,0,0,0,0,0,0,0
1831,5256,0,0,0,0,0,240,0,0,0,0,0,0,0,0,0,0,0,0,0,0,0,0,0
1970,6155,0,0,0,0,0,2196,0,0,0,0,0,0,0,0,0,0,0,0,0,0,0,0,0
2485,5276,0,0,0,0,0,1428,0,0,0,0,0,0,0,0,0,0,0,0,0,0,0,0,0
2523,6087,0,1054,0,0,0,0,0,0,0,0,0,0,0,0,0,0,0,0,0,0,0,0,0
2528,5781,0,0,0,0,0,1631,0,0,0,0,0,8,0,0,0,0,0,0,0,0,0,0,0
2554,4954,0,0,0,0,0,5101,0,0,0,0,0,0,0,0,0,0,0,0,0,0,0,0,0
2570,1191,60,326,0,0,0,973,0,0,0,0,0,682,0,0,0,0,0,0,0,0,0,0,0
2624,3661,0,399,0,0,0,135,0,0,0,0,0,0,0,0,0,0,0,0,0,0,0,0,0
2629,716,0,2291,0,0,0,0,329,0,524,390,0,637,0,0,0,0,0,0,0,0,0,0,0
5411,2700,0,281,0,0,0,827,0,0,0,0,0,454,0,0,0,0,0,0,0,0,0,0,0
5415,4590,0,0,0,0,0,410,0,0,0,0,0,0,0,0,0,0,0,0,0,0,0,0,0
5651,5867,0,9,0,0,0,4103,0,0,0,0,0,0,0,0,0,0,0,0,0,0,0,0,0
5960,3071,0,612,0,0,0,2709,0,0,0,0,0,153,0,0,0,0,0,0,0,0,0,0,0
CA-0012,5798,0,0,0,0,0,479,0,0,0,0,0,0,0,0,0,0,0,0,0,0,0,0,0
CA-0017,4383,0,195,0,0,0,2847,0,0,0,0,0,0,0,0,0,0,0,0,0,0,0,0,0
CA-0018,3873,0,712,0,0,0,0,0,0,0,0,0,16,0,0,0,0,0,0,0,0,0,0,0
CA-0059,3081,0,0,0,0,0,335,0,0,0,0,0,0,0,0,0,0,0,0,0,0,0,0,0
CA-0060,2201,0,310,0,0,0,343,0,0,0,0,0,1252,0,0,0,0,0,0,0,0,0,0,0
CA-0071,513,0,103,0,0,0,158,0,0,0,0,0,0,0,0,0,0,0,0,0,0,0,14,0
CA-0140,1830,0,334,0,0,0,710,9,0,0,117,0,1180,0,0,0,0,0,0,0,0,0,0,0
CA-0141,714,0,0,0,217,0,0,0,0,0,65,0,294,0,0,0,0,0,0,0,0,0,0,0
CA-0144,1,0,0,0,8,0,0,0,0,15,0,0,0,0,0,0,0,0,7,4,0,0,2,0
CA-0147,4633,0,925,0,0,0,2228,0,0,0,0,0,0,0,0,0,0,0,0,0,0,0,0,0
CA-0163,4375,0,667,0,0,0,46,41,0,0,0,0,0,0,0,0,0,0,0,0,0,0,0,0
CA-0164,4250,0,0,0,0,0,2555,0,0,0,0,0,0,0,0,0,0,0,0,0,0,0,0,0
CA-0165,4112,0,0,4,0,0,1230,0,0,0,0,0,0,220,0,0,0,0,0,0,0,0,0,0
CA-0166,25876,144,0,0,0,0,0,0,198032,0,0,1149,0,0,0,0,0,0,0,0,0,0,0,0
CA-0193,27652,0,0,0,0,0,0,0,0,0,0,0,0,0,0,0,0,0,0,0,0,0,0,0
CA-0227,6419,0,0,0,0,0,345,0,0,0,0,0,0,0,0,0,0,0,0,0,0,0,0,0
CA-0229,454,37,313,0,0,0,1480,0,0,460,0,0,0,0,0,0,0,0,0,0,0,0,0,0
PM1301-Z1,0,239,0,0,0,0,0,0,203371,0,0,0,0,0,0,0,0,0,0,0,0,0,0,0
PM692-Z3-1,4952,0,332,0,0,0,0,0,0,0,0,0,0,0,0,0,0,0,0,0,0,0,0,0
PM753-Z2-1,4286,0,0,0,0,0,832,0,0,0,0,0,0,0,0,0,0,0,0,0,0,0,0,0
PM815-Z3-1,5266,0,0,0,0,0,0,0,0,0,0,0,0,0,0,0,0,0,0,0,0,0,0,0
PM846-Z2-1,4603,0,484,0,0,0,2029,0,0,0,0,0,34,0,0,0,0,0,0,0,0,0,0,0
PM877-Z2-1,4462,0,68,0,1302,0,208,0,0,0,0,0,0,0,0,0,0,0,0,0,0,0,0,0
PM883-Z2-1,5041,0,457,0,0,0,298,0,0,0,0,0,24,0,0,0,0,0,0,0,0,0,0,0
PM884-Z13-1,4950,0,670,0,0,0,2276,0,0,0,0,0,0,0,0,0,0,0,0,0,0,0,0,0
PM902-Z1-1,5816,0,0,0,0,0,995,0,0,0,0,0,4,0,0,0,0,0,0,0,0,0,0,0
PM935-Z1-1,7016,0,0,0,0,0,1326,0,0,0,0,0,0,0,0,0,0,0,0,0,0,0,0,0
