pair,Signature.1,Signature.2,Signature.3,Signature.4,Signature.5,Signature.6,Signature.8,Signature.9,Signature.11,Signature.12,Signature.13,Signature.14,Signature.16,Signature.18,Signature.19,Signature.20,Signature.21,Signature.22,Signature.23,Signature.24,Signature.25,Signature.27,Signature.28,Signature.30
1594,0,2274,1033,7492,0,271,1854,0,0,0,2032,0,3631,1038,0,0,0,0,0,0,0,0,0,0
1596,0,0,0,15257,0,0,1868,0,0,0,916,0,8324,0,0,0,0,0,0,0,0,640,0,0
1678,0,981,0,53173,0,0,1789,0,0,0,0,0,0,0,0,0,0,0,0,0,0,0,0,0
2656,0,1148,0,78150,0,0,807,0,0,0,0,0,0,339,0,46,0,0,0,0,0,0,0,0
2659,0,650,0,50858,0,0,309,0,0,0,1220,0,0,210,0,0,0,0,0,0,0,0,0,0
2665,2802,1279,0,0,15776,0,0,0,0,0,626,0,2490,0,0,0,0,0,0,0,0,0,0,0
2666,227,140,339,0,1231,0,29,0,0,0,0,0,223,0,0,0,30,0,0,0,0,0,0,85
2668,0,1579,0,17592,0,0,1740,0,0,0,771,0,0,58,0,0,0,0,0,0,0,0,0,0
3771,0,13942,0,89036,0,0,11387,0,0,0,12284,0,7640,0,0,0,0,0,0,0,0,0,0,0
3772,184,176,65,0,1717,0,333,0,0,0,183,0,0,0,0,0,0,0,0,0,0,0,0,0
3917,0,1127,0,20452,0,0,2615,0,0,0,905,0,0,0,0,17,0,0,0,0,0,0,0,0
3918,0,829,0,52999,0,0,1552,0,0,0,1515,0,0,487,0,0,0,0,0,0,0,0,0,0
4389,0,1809,0,14188,0,0,2366,0,0,0,1184,0,2106,0,0,0,0,0,0,0,0,0,0,0
4395,0,5310,0,27572,0,0,4754,0,0,0,3268,0,0,0,0,0,0,0,0,0,0,0,0,0
4396,0,1954,0,31159,0,0,4577,0,0,0,1084,0,0,0,0,0,0,0,0,0,0,0,0,0
4397,0,7660,113,85469,0,0,3128,0,0,0,4824,0,5788,0,0,0,0,0,0,0,0,0,0,0
4398,0,4677,0,84302,0,0,7949,199,0,0,2793,0,0,0,0,49,0,0,0,0,0,0,0,0
4422,345,550,1710,33,0,0,0,0,515,29,739,0,311,229,0,0,0,0,0,0,25,0,0,0
4432,0,2414,0,65881,0,0,3209,0,0,0,0,0,309,0,0,0,0,0,0,0,0,0,0,0
4486,0,1859,0,8658,0,0,1293,0,0,0,1544,0,8,0,0,3,0,0,0,0,0,0,0,0
4510,424,242,0,3258,2002,0,361,0,0,0,192,0,8,0,0,0,0,0,0,0,0,0,0,0
4512,1031,375,0,0,2466,0,270,0,0,0,0,0,19,0,0,0,0,0,0,0,0,0,0,0
4628,1076,696,259,0,4587,0,2413,0,0,0,742,0,0,3885,0,0,0,0,0,0,0,0,0,424
4630,835,3392,1667,0,0,0,5848,256,523,0,1914,0,0,0,0,0,0,0,0,0,0,0,0,0
4659,0,429,0,25104,0,0,1003,0,0,0,0,0,0,0,0,16,0,0,0,0,0,0,0,0
4666,0,1697,0,43220,0,0,1487,0,0,0,0,0,0,0,0,26,0,0,0,0,0,0,0,0
5066,0,1505,0,31325,0,0,4290,0,0,0,1040,0,0,0,0,0,0,0,0,0,0,0,0,0
5147,493,314,0,0,3404,0,0,0,0,0,181,0,0,197,0,0,0,0,0,0,0,0,0,0
5429,1702,187,0,0,794,0,287,52,0,0,148,0,5,0,0,0,0,0,0,0,0,0,55,0
5645,658,276,0,681,1746,0,0,0,0,0,216,0,703,600,0,0,0,0,0,0,0,0,0,0
5930,0,0,0,166418,0,0,818,0,0,0,0,0,0,110,0,62,0,0,0,0,0,0,0,0
5932,0,402,0,10355,0,0,1869,0,0,0,0,0,0,0,0,11,0,0,0,0,0,0,0,0
6146,799,179,0,2874,178,0,274,23,0,451,121,0,360,14,0,0,0,0,0,0,0,0,0,0
6147,0,300,0,16808,0,0,2224,0,0,0,454,0,0,87,0,26,0,0,0,0,0,0,0,0
6148,123,0,4,0,0,0,0,0,0,0,0,0,361,15,0,0,0,0,0,0,0,0,0,0
6215,321,204,0,0,2143,0,0,0,0,0,0,43,0,0,0,0,0,0,0,0,0,0,3980,0
6591,777,398,767,0,3548,0,204,0,0,0,230,0,0,0,0,0,0,0,0,0,0,0,0,0
6597,794,973,6,0,2371,0,1589,0,161,0,536,0,0,106,0,0,0,0,0,0,0,0,0,0
6742,0,8952,0,10429,0,0,1654,269,0,0,5806,0,0,0,0,0,0,0,0,0,0,0,3093,0
6775,299,226,4,398,2058,0,0,0,0,0,0,0,0,58,0,0,0,0,0,0,0,0,0,0
6840,764,2767,590,0,0,0,4377,128,189,0,3767,0,332,1731,0,0,0,0,0,0,0,0,0,0
6847,1440,545,108,191,6761,0,0,0,0,0,625,0,0,0,0,0,0,0,0,0,0,0,0,0
6972,0,7720,65,24641,0,0,4086,99,0,0,2483,0,0,0,0,0,0,0,0,0,0,0,0,0
6982,330,8595,149,364,0,0,2025,283,0,0,6375,0,1797,564,0,0,0,0,0,0,0,0,0,696
6984,1144,175,0,0,480,0,249,0,0,0,0,0,204,0,0,0,0,0,0,0,0,0,0,0
6986,366,43,13,0,0,0,7,7,0,0,0,0,1338,0,0,0,0,0,0,0,0,0,0,0
7030,287,0,224,0,0,0,0,0,0,5,0,0,0,0,0,0,0,0,0,0,4,0,0,0
7143,432,237,0,0,3378,0,0,0,0,0,169,0,11,0,0,0,0,0,0,0,0,0,0,0
7146,0,4622,0,40280,0,0,7209,150,0,0,3347,0,34,0,0,0,0,0,0,0,0,0,0,0
7156,0,3230,0,27808,0,0,1939,0,0,0,1718,0,0,0,0,0,0,0,0,0,0,0,0,0
7158,0,2116,0,29403,0,0,3425,0,0,0,1364,0,0,0,0,0,0,0,0,0,0,0,0,0
7281,0,1035,0,52563,0,0,3354,0,0,0,1728,0,0,0,0,0,0,0,0,0,0,0,0,0
8171,1006,429,0,0,2384,0,1476,0,0,0,170,0,0,0,0,0,0,0,0,0,0,0,0,0
8299,0,283,0,8500,0,0,1239,0,0,0,0,0,18,0,0,0,0,0,0,0,0,0,0,0
CA-0043,0,159,0,7996,0,0,1746,0,0,0,228,0,0,0,0,0,0,0,0,0,0,0,0,0
CA-0044,372,1295,0,0,3406,0,270,0,0,0,558,0,0,662,0,0,0,0,0,0,0,0,0,0
CA-0045,1342,1820,944,0,5544,0,3017,0,0,0,1250,0,0,0,0,0,0,0,0,0,0,0,0,0
CA-0046,311,852,0,4630,0,828,5164,0,0,0,728,0,754,0,0,0,0,0,0,0,0,0,0,0
CA-0047,0,389,0,18135,0,0,2177,0,0,0,598,0,833,0,0,0,0,0,0,0,0,0,0,0
CA-0048,0,11203,0,67534,0,0,3591,0,0,0,14088,0,0,0,0,33,0,0,0,0,0,993,0,0
CA-0049,0,229,0,16808,0,0,1666,0,0,0,0,0,0,56,0,0,0,0,0,0,0,0,0,0
CA-0054,0,8453,0,170240,0,0,19683,0,0,0,5498,0,0,0,0,115,0,0,0,0,0,2799,0,0
CA-0156,0,818,1253,2142,8512,0,2430,233,0,231,0,0,1253,0,0,0,506,0,0,0,0,0,0,0
CA-0168,0,745,0,12199,0,0,2850,0,0,0,892,0,0,0,0,11,0,0,0,0,0,0,0,0
CA-0173,95,14,0,0,0,0,17,0,0,0,0,0,539,0,69,16,0,0,0,0,0,0,0,0
CA-0224,1247,0,997,7,0,0,0,917,0,0,467,153,0,0,0,0,0,0,0,80,140,0,0,0
LU-14,141,128,745,0,0,0,0,0,0,0,0,0,366,0,0,0,61,0,144,0,0,0,0,0
LU-4,283,174,0,0,1860,0,236,0,0,0,90,0,1000,0,0,0,0,0,0,0,0,0,0,0
LU-42,126,0,49,0,278,0,39,0,0,0,0,0,0,0,0,0,0,0,0,0,13,0,0,0
LU-44,166,19,24,0,889,0,0,0,0,0,0,0,0,51,0,0,0,0,0,0,0,0,0,0
LU-51,414,366,6,0,2425,0,29,0,0,0,0,0,0,0,0,0,0,0,0,0,0,0,0,0
LU-57,601,152,0,0,6,0,405,0,0,0,0,0,1837,0,0,0,0,0,0,0,0,0,0,0
LU-6,163,94,143,34,1191,0,0,0,0,0,0,0,8,0,0,0,36,0,0,0,0,0,0,0
LU-69,0,5954,0,41632,0,0,4990,0,0,0,3205,0,10237,0,0,0,0,0,0,0,0,0,0,0
LU-78,271,141,0,0,1340,0,432,0,0,0,0,0,5,0,0,0,0,0,0,0,0,0,0,103
LU-87,243,122,311,0,1517,0,201,0,0,0,0,0,0,0,0,0,0,0,0,55,0,0,0,0
LU-89,190,81,0,0,1248,0,21,0,0,0,46,0,5,0,0,0,0,0,0,0,96,0,0,0
LU-F13,1096,176,410,0,0,0,843,61,0,0,0,0,729,0,0,0,163,0,0,0,0,0,0,0
LU-F16,217,189,0,0,1597,0,169,0,0,0,73,0,6,0,0,0,0,0,0,0,0,0,0,0
LU-F2,85,57,0,0,712,0,0,0,0,0,11,0,139,0,0,0,0,0,0,0,0,0,0,0
LU-F29,266,972,0,0,2887,0,32,0,0,0,472,0,8,196,0,0,0,0,0,0,0,0,0,0
LU-F31,176,91,137,6,803,0,261,0,0,0,0,0,7,0,0,0,0,0,0,0,0,0,0,189
LU-F37,222,137,0,0,1810,0,73,38,0,0,93,0,0,0,0,0,0,0,0,0,0,0,0,0
LU-F6,1017,37,0,0,0,0,58,0,0,0,0,0,459,0,0,0,0,0,0,0,0,0,0,0
LU-FF1,0,618,0,6721,4084,0,0,0,0,0,425,0,1699,0,0,0,0,0,0,0,0,0,0,0
LU-FF104,346,113,0,0,2113,0,15,0,0,0,0,0,5,0,0,0,0,0,0,0,0,0,0,0
LU-FF107,271,243,0,0,1520,0,620,0,0,0,95,0,0,0,0,0,0,0,0,0,0,0,0,0
LU-FF115,203,325,5,0,1429,0,15,0,0,0,135,0,0,0,0,0,0,0,0,0,0,0,0,0
LU-FF13,391,291,0,0,1911,0,580,0,0,0,208,0,2,0,0,0,0,0,0,0,0,0,0,200
LU-FF20,580,355,12,0,2566,0,1881,0,0,0,346,0,0,0,0,0,0,0,0,0,0,0,0,0
LU-FF21,441,253,0,0,2821,0,0,0,0,0,150,0,0,871,0,0,0,0,0,0,0,0,0,0
LU-FF23,709,216,0,0,1425,0,166,49,0,0,249,0,0,754,0,0,0,0,0,0,0,0,0,0
LU-FF24,692,502,819,0,0,0,4105,0,114,0,657,0,1960,0,0,0,0,342,0,0,0,154,0,0
LU-FF3,202,273,0,14,1095,0,557,44,69,0,78,0,164,0,0,0,0,0,0,0,0,0,0,0
LU-FF34,85,67,0,83,745,0,0,0,0,0,32,0,0,0,0,0,0,0,0,0,0,0,0,0
LU-FF37,251,61,0,0,664,0,176,2,0,0,0,0,4,0,0,0,0,0,0,0,0,0,0,0
LU-FF4,167,133,0,0,1612,0,0,0,0,0,69,0,0,0,0,0,0,0,0,0,0,0,0,0
LU-FF43,367,220,39,0,1645,0,985,0,0,0,0,0,226,0,0,0,0,0,0,0,0,0,0,0
LU-FF53,0,5452,0,118451,0,0,6588,0,0,0,4199,0,1162,0,0,0,0,0,0,0,0,0,0,0
LU-FF55,184,206,0,0,970,0,0,0,0,0,0,0,4,0,0,0,0,0,0,0,0,0,0,0
LU-FF56,0,1635,0,8842,0,345,445,0,0,0,775,0,4290,0,0,0,0,0,0,0,0,0,0,0
LU-FF57,375,6154,0,0,2438,0,0,0,0,0,4983,0,0,0,0,0,0,0,0,0,0,0,0,0
LU-FF58,70,47,0,0,588,0,0,0,0,0,31,0,3,0,0,0,0,0,0,0,0,0,0,0
LU-FF62,0,2819,0,123529,0,0,19585,0,0,0,4917,0,215,0,0,0,0,0,0,0,0,0,0,0
LU-FF67,1497,157,0,0,20,0,354,72,0,0,0,0,0,0,0,0,0,0,0,0,0,0,0,0
LU-FF71,39,0,2,0,294,0,0,0,0,0,9,0,0,0,0,0,0,0,0,0,0,0,0,0
LU-FF76,1952,473,0,0,1125,0,143,57,0,0,240,0,13,0,0,0,0,0,0,0,0,0,0,0
LU-FF77,284,159,274,0,175,0,1167,0,0,0,114,0,862,0,0,0,192,0,0,0,0,0,0,0
LU-FF78,244,118,416,0,1432,0,0,0,0,0,0,0,0,0,0,0,0,0,0,0,0,0,0,0
LU-FF79,834,424,438,7260,0,0,1241,0,0,0,0,0,1174,0,0,0,0,0,0,0,0,0,0,0
LU-FF85,0,928,0,41892,0,0,4442,0,0,0,1655,0,0,0,0,0,0,0,0,0,0,0,0,0
LU-FF86,833,160,0,0,735,0,942,0,0,0,76,0,6,0,0,0,0,0,0,0,0,0,0,64
LU-SC126,512,266,0,0,1585,0,958,60,0,0,216,0,5,0,0,0,0,0,0,0,0,0,0,0
LU-SC81,696,869,265,0,0,0,974,31,101,0,569,0,804,950,0,0,0,0,0,0,0,0,0,0
LU-SC97,137,0,3,0,1002,0,17,0,0,0,50,0,0,0,0,0,0,0,0,0,0,0,0,128
