pair,Signature.1,Signature.2,Signature.3,Signature.4,Signature.5,Signature.6,Signature.8,Signature.9,Signature.11,Signature.12,Signature.13,Signature.14,Signature.16,Signature.18,Signature.19,Signature.20,Signature.21,Signature.22,Signature.23,Signature.24,Signature.25,Signature.27,Signature.28,Signature.30
A0Y3,86,66,0,0,167,0,425,0,112,0,0,0,192,0,0,0,0,0,0,0,0,0,0,0
A0Z2,349,38,26,0,1281,0,0,0,0,0,0,0,78,0,0,0,0,0,0,0,0,0,0,0
A0ZB,265,190,0,0,1853,0,0,0,0,0,86,0,497,0,0,0,0,0,0,0,0,0,0,0
A13L,159,362,549,0,0,0,18,0,0,0,333,0,466,0,0,0,0,0,0,0,0,0,0,202
A13R,184,94,0,0,314,0,250,0,0,0,40,0,0,0,0,0,0,0,0,0,0,0,0,0
A13W,143,53,0,0,555,0,299,0,0,0,0,0,0,0,29,0,0,0,0,0,0,0,0,49
A191,237,472,0,0,1209,0,0,0,0,0,298,0,0,0,0,0,0,0,0,0,0,0,0,0
A1QL,66,0,0,0,1040,137,0,0,0,0,0,0,2,0,0,0,0,0,0,0,0,0,0,31
A22O,252,47,0,0,237,0,294,0,322,0,0,0,902,0,0,0,0,0,0,0,0,0,0,0
A22Z,191,139,0,0,804,0,595,0,140,0,83,0,319,0,0,0,39,0,0,0,0,0,0,0
A233,60,0,0,0,34,0,121,0,0,0,0,0,41,0,13,0,0,0,0,0,0,0,0,56
A28T,4,0,32,0,26,0,9,0,0,0,0,0,0,0,0,0,0,0,0,0,0,6,0,20
A28V,192,0,43,0,883,0,317,0,0,0,0,0,0,0,38,0,0,0,0,0,0,0,0,190
A2CN,189,0,345,0,0,0,0,0,0,0,0,0,619,0,0,0,0,0,0,0,0,0,0,283
A2CP,51,66,0,0,171,0,0,0,0,0,49,0,0,0,0,9,0,0,0,7,18,0,0,134
A2CU,78,54,0,0,417,0,115,0,0,0,48,0,1,0,50,0,0,0,0,0,0,0,0,0
A2N1,87,0,0,0,621,0,6,0,0,0,0,0,0,0,0,0,0,0,0,0,0,0,0,16
A2OL,125,0,16,0,476,0,32,0,17,0,0,0,6,0,0,0,0,0,0,0,0,0,0,53
A2OV,164,0,11,0,0,0,526,0,0,0,0,0,210,0,0,0,0,0,0,0,0,0,0,244
A2OW,121,42,163,0,0,0,0,0,0,0,0,0,316,0,98,0,0,0,0,0,0,0,0,0
A2Q1,46,40,0,0,540,0,0,0,0,0,22,0,4,0,0,0,0,0,0,0,0,0,0,0
A2Q2,363,0,0,0,2366,0,0,0,0,0,73,0,10,0,0,0,0,0,0,0,0,0,0,0
A2Q8,57,0,161,0,138,0,0,0,0,0,5,0,0,0,23,0,0,0,0,0,0,0,0,75
A2QD,214,0,112,0,0,0,222,0,0,0,0,0,160,0,0,0,26,0,0,0,0,0,0,95
A3AL,162,0,0,0,643,0,113,0,0,0,0,0,0,0,0,0,0,0,0,0,0,0,0,18
A3AQ,101,51,250,0,532,0,0,0,0,0,0,0,0,0,0,0,0,0,0,0,0,0,0,0
A3CV,94,36,174,0,205,0,0,0,0,0,0,0,0,0,0,0,8,0,0,0,0,0,0,72
A3CX,86,0,41,0,503,0,0,0,0,0,0,0,0,0,0,0,0,0,0,0,0,0,0,0
A3DV,306,0,534,0,371,0,41,0,0,0,0,0,0,0,58,0,0,0,0,0,0,0,0,66
A3FL,212,0,154,0,104,0,326,0,0,0,0,0,0,0,0,0,0,0,0,0,0,0,0,222
A3FQ,36,24,1,0,243,0,0,0,0,0,0,0,0,0,0,8,0,0,0,0,0,0,3,0
A3FR,256,0,126,0,0,0,413,0,0,0,0,0,21,0,0,0,0,0,0,0,0,0,0,146
A3H1,336,367,24,0,0,0,486,0,85,0,423,0,172,3,0,0,0,0,0,0,0,0,0,0
A3KN,100,10,163,0,303,0,0,0,0,0,0,0,58,0,0,0,0,0,0,0,0,0,0,0
A3MY,236,57,0,0,1565,0,0,0,0,0,0,0,466,0,0,0,0,0,0,0,87,0,0,0
A3PD,55,257,420,0,0,0,0,0,0,0,330,0,0,0,0,0,0,0,0,0,0,0,0,0
A3S3,60,0,250,0,260,0,0,0,73,0,0,0,0,0,0,0,0,0,0,0,0,0,0,0
A3SD,105,0,0,0,671,0,71,0,0,0,0,0,0,0,0,0,0,0,0,0,0,0,0,188
A3SE,120,0,0,0,57,0,164,0,0,0,40,0,341,0,0,0,0,0,0,0,0,0,0,55
A3T0,84,0,17,0,582,0,0,0,0,0,0,0,0,0,0,0,0,0,0,0,0,0,0,0
A3T9,641,40,424,0,105,0,321,0,205,0,0,0,271,0,0,0,0,0,0,0,0,0,0,0
A3TB,146,0,127,0,0,0,364,0,0,152,0,0,31,0,0,14,0,0,0,0,0,0,0,246
A3US,87,0,94,0,483,0,0,0,0,0,0,0,0,0,74,0,0,0,0,0,0,0,0,0
A416,7,0,10,0,0,0,0,0,14,1,0,0,36,0,0,0,0,0,0,0,4,0,0,0
A418,242,371,0,0,1334,0,114,0,0,0,287,0,6,0,0,0,0,0,0,0,0,0,0,89
A45K,108,45,0,0,339,0,71,0,0,0,23,0,0,0,0,0,0,0,0,11,0,0,0,86
A4ET,81,28,121,0,353,0,0,0,0,0,0,0,0,0,11,0,0,0,0,0,0,0,0,0
A4K6,1255,0,82,0,555,0,0,0,0,0,0,0,0,0,0,0,0,0,0,0,0,0,0,0
A4KN,101,0,302,0,553,0,0,0,0,0,0,0,0,0,0,0,0,0,0,0,0,0,0,0
A4UT,0,1193,0,0,593,0,0,0,0,0,904,0,0,0,0,0,0,0,0,0,0,0,0,0
CA-0022,82,55,2,0,474,0,149,0,0,0,0,0,0,0,0,0,0,0,0,0,0,0,0,37
CA-0023,87,0,0,0,0,0,277,0,0,0,0,0,150,0,0,0,46,0,0,19,0,0,0,166
CA-0024,67,17,0,0,0,0,129,0,8,0,0,0,50,0,23,54,11,0,0,8,0,0,0,0
CA-0025,282,0,0,0,20,0,297,0,0,0,0,0,700,0,69,0,0,0,0,0,0,0,0,0
CA-0026,30,22,0,0,208,0,15,0,0,0,0,0,0,0,37,0,0,0,0,0,0,0,0,0
CA-0027,0,0,0,2293,0,0,0,0,0,0,0,0,0,2664,0,0,0,0,0,0,0,0,0,0
CA-0028,91,13,5,47,0,0,147,0,44,0,0,0,210,136,0,61,0,0,0,5,0,0,0,0
CA-0029,143,0,0,0,0,0,710,0,0,0,0,0,413,0,80,0,0,0,0,0,0,0,0,372
CA-0030,82,46,0,0,593,0,75,0,0,0,0,0,1,0,0,0,0,0,0,2,0,0,0,0
CA-0031,58,0,8,0,343,0,0,0,0,0,0,0,0,0,0,0,0,0,0,0,0,0,0,0
