pair,Signature.1,Signature.2,Signature.3,Signature.4,Signature.5,Signature.6,Signature.8,Signature.9,Signature.11,Signature.12,Signature.13,Signature.14,Signature.16,Signature.18,Signature.19,Signature.20,Signature.21,Signature.22,Signature.23,Signature.24,Signature.25,Signature.27,Signature.28,Signature.30
1005-24097-96Y-31--1005-25055N-116Z-BLD,2339,378,203,0,0,0,680,869,0,0,0,0,0,1367,0,0,0,0,0,0,0,0,0,0
1005-24100-96Y-27--1005-25055N-116Z-BLD,4390,702,0,0,0,0,1762,1491,0,0,0,0,0,3180,0,0,0,0,0,0,0,0,0,0
1005-24106-127B-25--1005-25055N-116Z-BLD,4786,737,0,0,0,0,1094,2097,0,0,0,0,0,4579,0,0,0,0,0,0,0,0,0,0
1005-25105-127B-30--1005-25055N-116Z-BLD,1743,768,279,0,0,0,619,1238,0,0,0,0,0,1554,489,0,203,0,0,0,0,0,0,0
1047-24271-180B-32--1047-24964N-180B-GST,2049,219,0,0,0,0,980,334,0,0,334,0,0,0,0,0,0,0,0,0,0,0,0,0
1047-24274-180B-28--1047-24964N-180B-GST,2264,262,0,0,0,0,957,528,0,0,354,0,0,913,0,0,0,0,0,0,0,0,0,0
1047-24277-101D-30--1047-24964N-180B-GST,1502,358,0,0,0,0,704,146,0,0,303,0,0,458,0,0,0,0,0,2,0,0,0,0
1047-24280-101D-28--1047-24964N-180B-GST,1714,0,0,0,0,0,805,391,0,0,0,0,0,724,0,0,0,0,0,0,0,0,0,0
126-24343-135F-31--126-25058N-31X-BLD,287,0,0,0,0,0,144,1941,0,0,0,190,0,327,0,0,0,0,0,0,0,0,0,0
126-24346-287R-31--126-25058N-31X-BLD,0,0,0,0,0,0,91,2249,0,0,0,398,0,242,0,0,0,0,0,0,0,0,0,0
126-24349-287R-33--126-25058N-31X-BLD,0,0,0,0,0,0,3,1784,0,0,0,233,0,1,0,0,0,0,0,0,0,0,0,0
126-24352-37Z-30--126-25058N-31X-BLD,0,0,0,0,0,0,232,1944,0,0,0,261,0,120,0,0,0,0,0,0,0,0,0,0
126-24355-37Z-32--126-25058N-31X-BLD,0,0,0,0,0,0,123,1674,0,0,0,241,0,109,0,0,0,0,0,0,0,0,0,0
126-24631-135F-31--126-25058N-31X-BLD,0,0,0,0,0,0,126,1781,0,0,0,429,0,217,0,0,0,0,0,0,0,0,0,0
130-24295-71S-34--130-24993N-290R-BLD,2245,378,0,0,1293,0,0,45,0,0,0,0,0,1822,0,0,0,0,0,0,0,0,0,0
130-24298-71S-36--130-24993N-290R-BLD,2066,260,0,0,568,0,17,35,0,0,0,0,0,1139,0,0,0,0,0,0,0,0,0,0
130-24301-85U-34--130-24993N-290R-BLD,2537,288,0,0,711,0,98,94,0,0,0,0,0,1287,0,0,0,0,0,0,0,0,0,0
130-24304-85U-33--130-24993N-290R-BLD,2299,126,0,0,184,0,0,95,0,0,0,0,0,1032,0,0,0,0,0,0,0,0,0,0
160-23716-53M-37--160-24958N-132N-GST,2799,538,0,0,1300,0,329,123,0,0,0,0,0,1129,0,0,0,0,0,0,0,0,0,0
160-23719-53M-36--160-24958N-132N-GST,1494,0,90,0,0,0,0,187,0,0,0,0,186,0,0,0,0,0,0,48,0,0,0,0
160-23722-132N-36--160-24958N-132N-GST,2431,514,0,0,1609,0,0,69,0,0,0,0,0,1628,152,0,0,0,0,0,0,0,0,0
160-23725-132N-35--160-24958N-132N-GST,2226,536,0,0,1467,0,46,126,0,0,0,0,0,1605,0,0,0,0,0,0,0,0,0,0
163-23740-14O-37--163-25059N-78R-BLD,0,0,0,0,0,0,0,0,0,0,0,0,0,0,0,0,0,0,0,0,0,0,1505,0
163-23749-256R-35--163-25059N-78R-BLD,0,0,0,0,0,0,0,4186,0,0,0,230,0,505,0,0,0,0,0,0,0,0,0,0
163-24735-256R-37--163-25059N-78R-BLD,0,0,0,0,0,0,0,0,0,0,0,0,0,0,0,0,0,0,0,0,0,0,1324,0
169-23764-9T-31--169-25060N-253T-BLD,2932,140,0,0,0,0,642,662,0,0,0,0,234,1282,0,0,0,0,0,0,0,0,0,0
169-23767-9T-29--169-25060N-253T-BLD,2439,0,0,0,0,0,0,1331,0,0,0,0,0,1739,0,0,0,0,0,0,0,0,0,0
169-23770-232V-33--169-25060N-253T-BLD,802,0,0,0,796,0,0,0,0,0,0,0,168,0,0,0,0,0,0,0,0,0,0,0
169-23773-232V-31--169-25060N-253T-BLD,2390,0,0,0,0,0,542,982,0,0,0,0,0,1406,0,0,0,0,0,0,0,0,0,0
17-23561-12V-35--17-24987N-105W-BLD,3129,0,0,0,0,0,104,1325,0,0,0,0,0,1932,0,0,0,0,0,0,0,0,0,0
17-23564-12V-31--17-24987N-105W-BLD,3122,0,0,0,0,0,126,1378,218,0,0,0,0,2463,0,0,0,0,0,0,0,0,0,0
17-23567-37D-37--17-24987N-105W-BLD,2156,0,0,0,627,0,160,469,0,0,0,0,0,1550,0,0,0,0,0,0,0,0,0,0
17-24933-37D-40--17-24987N-105W-BLD,3407,324,0,0,0,0,613,576,0,0,0,0,0,1709,0,0,0,0,0,0,0,0,0,0
170-23788-73T-33--170-25061N-3B-BLD,4477,482,0,0,4,0,790,198,0,0,334,0,0,1292,0,0,0,0,0,0,0,0,0,0
170-23791-73T-31--170-25061N-3B-BLD,4142,542,234,0,0,0,225,871,0,0,0,0,0,1599,0,0,0,0,0,0,0,0,0,0
170-23794-3B-33--170-25061N-3B-BLD,4611,506,55,0,53,0,532,124,0,0,0,0,0,565,0,0,0,0,0,0,0,0,0,0
170-23797-3B-35--170-25061N-3B-BLD,3751,459,0,0,7,0,909,222,0,0,0,0,0,554,0,0,0,0,0,0,0,0,0,0
184-24325-148K-31--184-24997N-267S-BLD,0,0,0,0,0,0,0,0,0,0,0,0,0,106,0,0,0,0,0,0,0,0,278,0
184-24328-148K-35--184-24997N-267S-BLD,0,0,0,0,0,0,0,394,0,0,0,0,0,98,0,0,0,0,0,0,0,0,0,0
184-24331-16R-29--184-24997N-267S-BLD,0,0,0,0,0,0,0,0,0,0,0,0,0,194,0,0,0,0,0,0,0,0,301,0
184-24334-16R-33--184-24997N-267S-BLD,0,0,0,0,0,0,0,0,0,0,0,0,0,0,0,0,0,0,0,0,0,0,273,0
184-24337-67C-31--184-24997N-267S-BLD,0,0,0,0,0,0,0,0,0,0,0,0,0,92,0,0,0,0,0,0,0,0,312,0
184-24340-67C-35--184-24997N-267S-BLD,0,0,0,0,0,591,0,1603,0,0,0,0,0,1556,0,0,0,0,0,0,0,0,0,0
222-24370-179T-30--222-25062N-179T-BLD,1278,394,176,0,0,0,0,919,0,0,0,0,0,1245,0,0,0,0,0,0,0,0,0,0
222-24373-179T-34--222-25062N-179T-BLD,788,111,342,0,0,0,0,534,0,0,0,0,79,779,0,0,0,0,0,0,0,0,0,0
222-24376-88N-30--222-25062N-179T-BLD,825,125,410,0,0,0,0,670,0,0,0,0,95,1008,0,0,0,0,0,0,0,0,0,0
222-24379-88N-34--222-25062N-179T-BLD,843,421,0,0,0,0,37,574,0,0,329,65,163,956,0,0,38,0,0,0,0,0,0,0
266-24139-216R-35--266-25063N-67T-BLD,2933,0,477,0,0,0,219,654,0,0,0,0,0,1549,0,0,0,0,0,0,0,0,0,0
266-24145-67T-34--266-25063N-67T-BLD,5305,369,2385,0,0,0,0,1116,0,0,0,0,0,3517,0,0,0,0,0,0,0,0,0,0
266-24148-67T-33--266-25063N-67T-BLD,3862,0,0,0,0,0,525,563,0,0,0,0,0,5793,0,0,0,0,0,0,0,0,0,0
266-24900-216R-33--266-25063N-67T-BLD,2559,88,0,0,0,0,19,699,0,0,0,0,0,1771,0,0,0,0,0,0,0,0,0,0
279-23818-251R-31--279-25064N-76R-BLD,480,0,71,0,0,0,0,0,0,0,0,0,1605,0,181,0,0,0,0,0,0,0,0,0
279-24744-53P-32--279-25064N-76R-BLD,2762,0,0,0,0,0,1279,1891,0,162,1135,0,0,2834,0,0,0,0,0,0,0,0,0,0
279-24924-251R-32--279-25064N-76R-BLD,1625,967,160,0,0,0,1241,798,0,0,1362,138,173,966,0,0,184,0,0,0,0,0,0,0
279-24927-53P-31--279-25064N-76R-BLD,1923,0,0,0,0,0,351,1359,0,0,0,0,0,2042,0,0,95,0,0,0,0,0,0,0
286-24358-124X-33--286-25065N-223V-BLD,1420,0,0,0,0,0,0,701,0,0,0,0,0,1028,0,0,0,0,0,0,0,0,0,0
286-24361-124X-36--286-25065N-223V-BLD,1193,0,0,0,0,0,0,792,0,0,0,0,0,1043,0,0,0,0,0,0,0,0,0,0
286-24364-152P-32--286-25065N-223V-BLD,605,0,0,0,0,0,106,164,0,0,0,0,0,779,0,0,0,0,0,0,0,0,0,0
286-24367-152P-35--286-25065N-223V-BLD,592,0,0,0,0,0,533,376,0,0,0,0,0,360,0,0,63,0,0,0,0,0,0,0
295-24169-103S-32--295-25066N-72T-BLD,978,90,0,0,0,0,918,720,0,0,0,278,0,506,0,0,0,0,0,0,0,0,0,0
295-24172-103S-26--295-25066N-72T-BLD,588,0,0,0,0,0,0,1341,0,0,0,69,0,313,0,0,0,0,0,0,0,0,0,0
295-24175-215U-34--295-25066N-72T-BLD,830,308,0,0,0,0,1330,1160,0,0,323,526,0,177,0,0,0,0,0,0,0,0,0,0
295-24184-215U-26--295-25066N-72T-BLD,1366,0,0,0,0,0,1001,1455,0,0,346,311,0,24,0,0,82,0,0,0,0,0,0,0
303-23599-41K-35--303-24975N-41K-GST,0,0,0,0,0,0,0,1775,0,0,0,0,0,0,0,0,0,0,0,0,0,0,0,0
303-23602-162L-38--303-24975N-41K-GST,2539,559,0,0,714,0,1358,818,380,0,0,0,0,2102,0,0,0,0,0,0,0,0,0,0
303-23605-162L-36--303-24975N-41K-GST,0,0,0,0,0,0,0,0,0,0,0,0,0,0,0,0,0,0,0,0,0,0,346,0
303-24660-41K-37--303-24975N-41K-GST,2351,0,0,0,0,0,352,2306,260,0,0,0,0,2749,0,0,0,0,0,0,0,0,0,0
322-24394-130U-30--322-25067N-130U-BLD,3464,0,0,0,0,0,0,1434,0,0,0,0,0,4182,0,0,0,0,0,0,0,0,0,0
322-24403-31M-28--322-25067N-130U-BLD,2627,0,0,0,0,0,0,1576,0,0,0,0,0,5043,0,0,0,0,1087,0,0,0,0,0
322-24406-31M-32--322-25067N-130U-BLD,1732,0,0,0,0,0,1399,518,0,0,0,0,0,2357,0,0,0,0,446,0,0,0,0,0
322-24807-130U-35--322-25067N-130U-BLD,3086,73,0,0,7,0,162,409,0,0,0,140,0,1913,0,0,0,0,0,0,0,0,0,0
360-24409-115M-25--360-25005N-225S-BLD,2315,0,0,0,0,0,2510,897,0,0,0,0,0,1876,0,0,0,0,0,0,0,0,0,0
360-24412-115M-30--360-25005N-225S-BLD,1814,0,0,0,57,0,394,1119,0,0,0,136,0,1477,0,0,0,0,0,0,0,0,0,0
360-24810-239U-25--360-25005N-225S-BLD,2247,0,0,0,0,0,2797,295,0,0,0,0,0,1421,0,0,0,0,0,0,0,0,0,0
360-24813-239U-23--360-25005N-225S-BLD,5525,0,0,0,2781,0,810,710,0,0,0,0,0,4418,0,0,0,0,0,0,0,0,0,0
381-23836-79T-27--381-25006N-248R-BLD,844,0,0,0,0,0,251,385,0,0,0,0,0,356,0,0,40,0,0,0,0,0,0,0
381-23839-79T-23--381-25006N-248R-BLD,1235,0,0,0,0,0,0,550,0,0,0,0,0,783,0,0,0,0,0,0,0,0,0,0
381-23842-234U-27--381-25006N-248R-BLD,1088,0,0,0,0,0,41,432,0,0,0,0,0,411,0,0,0,0,0,0,0,0,0,0
381-23845-234U-23--381-25006N-248R-BLD,1258,0,0,0,0,0,0,659,0,0,0,0,0,706,0,0,0,0,0,0,0,0,0,0
381-23848-22H-30--381-25006N-248R-BLD,1645,52,0,0,0,0,527,604,0,0,0,0,0,541,0,0,0,0,0,0,0,0,0,0
381-23851-22H-26--381-25006N-248R-BLD,1463,141,0,0,0,0,261,425,0,0,0,0,0,601,0,0,0,0,0,0,0,0,0,0
385-24421-148R-27--385-24955N-148R-GST,1865,345,0,0,724,0,434,214,0,0,0,0,0,1215,0,0,0,0,0,0,0,0,0,0
385-24424-148R-29--385-24955N-148R-GST,2400,432,0,0,794,0,328,799,0,0,0,0,0,2007,0,0,0,0,0,0,0,0,0,0
385-24816-164U-29--385-24955N-148R-GST,2193,229,0,0,10,0,585,384,0,0,0,0,0,1289,0,0,0,0,0,0,0,0,0,0
385-24819-164U-31--385-24955N-148R-GST,3265,128,0,0,9,0,817,296,0,0,0,0,0,1513,0,0,0,0,0,0,0,0,0,0
387-23656-309J-39--387-24974N-309J-GST,677,0,0,0,0,0,559,57,0,0,0,0,0,5,0,0,0,0,0,0,0,0,0,0
387-23659-309J-30--387-24974N-309J-GST,0,0,0,0,0,0,0,806,0,0,0,0,0,827,0,0,0,0,0,0,0,0,0,0
387-23662-173L-36--387-24974N-309J-GST,1383,0,0,0,0,0,0,294,0,0,0,0,0,1132,0,0,0,0,0,0,0,0,0,0
387-23665-173L-29--387-24974N-309J-GST,639,0,0,0,0,0,0,730,0,0,0,0,0,2430,0,0,0,0,0,0,0,0,0,0
391-23521-155R-31--391-25007N-73P-BLD,2125,726,0,0,1163,0,808,183,0,0,428,0,0,638,0,0,0,0,0,0,0,0,0,0
391-23866-82K-33--391-25007N-73P-BLD,2228,668,273,0,0,0,486,322,0,0,0,85,192,260,0,0,0,0,0,0,0,0,0,0
391-23869-82K-31--391-25007N-73P-BLD,1704,219,499,0,0,0,0,154,0,0,0,0,463,544,0,0,0,0,0,0,0,0,0,0
391-23872-155R-34--391-25007N-73P-BLD,2262,658,79,0,447,0,1525,181,0,0,357,0,326,240,0,0,0,0,0,0,0,0,0,0
396-24445-52V-35--396-25008N-52V-BLD,606,199,0,0,959,0,117,26,0,0,0,0,0,569,0,0,0,0,0,0,0,0,0,0
396-24448-52V-37--396-25008N-52V-BLD,0,0,0,0,0,723,0,2864,0,0,0,0,0,4238,0,0,0,0,0,0,0,0,0,0
396-24457-98A-37--396-25008N-52V-BLD,1574,291,0,0,2825,0,3781,609,0,0,0,0,0,1570,0,0,0,0,0,0,0,0,0,0
396-24461-98A-37--396-25008N-52V-BLD,1239,0,0,0,151,0,1557,1838,0,0,0,436,0,2099,0,0,0,0,0,0,0,0,0,0
403-24383-153N-30--403-24957N-153N-GST,1126,0,77,0,0,0,713,414,0,0,0,0,0,333,0,0,0,0,0,0,0,0,0,0
403-24385-153N-33--403-24957N-153N-GST,1876,0,0,0,0,0,0,2716,0,0,0,149,0,475,0,0,105,0,0,0,0,0,0,0
403-24388-175J-30--403-24957N-153N-GST,550,0,0,0,0,0,4,1421,0,0,0,0,0,0,0,0,57,0,0,0,0,0,0,0
403-24391-175J-32--403-24957N-153N-GST,296,0,0,0,0,61,57,1203,0,0,0,0,0,0,0,0,57,0,0,0,0,0,0,0
42-24283-147M-34--42-24954N-53L-GST,1443,0,0,0,0,0,208,844,936,397,0,0,0,2284,0,0,0,0,0,0,0,0,1917,0
42-24286-147M-38--42-24954N-53L-GST,0,2,0,0,58,0,0,0,0,0,0,0,35,0,0,0,0,0,0,0,0,0,4,0
42-24289-53L-34--42-24954N-53L-GST,1817,406,0,0,0,0,856,875,1166,311,0,0,0,2380,0,0,0,0,0,0,0,0,1871,0
42-24292-53L-36--42-24954N-53L-GST,1567,800,0,0,0,0,947,812,1252,0,0,0,150,2359,0,0,0,0,0,0,0,0,0,0
422-24481-59W-30--422-25068N-135T-BLD,3508,769,0,0,823,0,273,283,368,0,0,0,0,1655,0,0,0,0,0,0,0,0,0,0
422-25117-221S-31--422-25068N-135T-BLD,3279,761,0,0,981,0,317,171,0,0,0,91,0,1298,0,0,0,0,0,0,0,0,0,0
422-25123-221S-29--422-25068N-135T-BLD,4213,804,0,0,837,0,471,232,0,0,0,0,0,1835,0,0,0,0,0,0,0,0,0,0
422-25129-59W-31--422-25068N-135T-BLD,3223,762,0,0,1048,0,456,108,519,0,0,0,0,1424,0,0,0,0,0,0,0,0,0,0
43-23585-26O-35--43-24956N-29P-GST,1367,0,0,0,0,0,309,395,0,0,0,0,0,0,0,0,0,0,0,0,0,0,0,0
43-23593-29P-28--43-24956N-29P-GST,2600,0,0,0,488,0,541,1075,0,0,0,0,0,2282,0,0,0,0,0,0,0,0,0,0
43-24696-26O-35--43-24956N-29P-GST,915,0,0,0,0,0,0,2337,0,0,0,0,0,197,0,0,0,0,0,0,0,0,0,0
43-25093-29P-30--43-24956N-29P-GST,1610,0,0,0,0,0,1826,959,0,0,0,0,0,1802,0,0,122,0,0,0,0,0,0,0
433-23890-37N-30--433-25069N-154W-BLD,867,0,0,0,0,0,369,220,0,0,0,70,951,438,0,0,0,0,0,0,0,0,0,0
433-23896-45R-30--433-25069N-154W-BLD,0,0,0,0,0,624,0,512,0,0,0,0,0,97,0,0,0,0,0,0,0,0,0,0
433-23899-45R-26--433-25069N-154W-BLD,1148,0,0,0,8,0,0,1654,0,0,0,0,0,2226,0,0,0,0,0,0,0,0,0,0
433-24678-37N-28--433-25069N-154W-BLD,1639,0,0,0,0,0,0,1413,0,0,0,133,0,1793,0,0,0,0,0,0,0,0,0,0
450-23914-37P-34--450-25070N-120R-BLD,2188,1819,403,0,0,0,814,1241,0,0,2100,0,0,1563,0,0,0,0,0,0,0,0,0,0
450-23920-120R-34--450-25070N-120R-BLD,2173,1653,0,0,0,0,845,847,0,0,1535,0,0,2149,0,0,91,0,0,0,0,0,0,0
450-23923-120R-29--450-25070N-120R-BLD,1356,658,0,0,0,0,1207,1397,0,0,1141,335,0,1698,0,0,103,0,0,0,0,0,0,0
450-24753-37P-29--450-25070N-120R-BLD,1726,248,0,0,0,0,553,790,0,0,336,0,0,1619,0,0,80,0,0,0,0,0,0,0
478-23938-114T-33--478-25071N-116V-BLD,1975,524,1202,0,0,0,1809,1714,703,171,0,0,0,4092,237,0,0,0,0,0,0,0,0,0
478-23941-114T-31--478-25071N-116V-BLD,3574,350,1046,0,0,0,899,2024,0,309,0,0,0,4607,0,0,0,0,0,0,0,0,0,0
478-23944-52A-32--478-25071N-116V-BLD,2567,1090,0,0,5490,0,522,381,0,0,0,0,0,4911,0,0,0,0,0,0,0,0,0,0
478-23947-52A-30--478-25071N-116V-BLD,1393,0,0,0,0,0,175,2812,0,0,0,0,0,5222,0,0,0,0,0,0,0,0,0,0
478-23950-46F-34--478-25071N-116V-BLD,1993,1169,0,0,0,0,1651,1729,0,0,0,173,0,4887,0,0,0,0,0,0,0,0,0,0
478-23953-46F-32--478-25071N-116V-BLD,2726,1294,0,0,6121,0,808,466,0,0,0,0,0,5498,0,0,0,0,0,0,0,0,0,0
483-23824-246S-28--483-24961N-246S-GST,290,0,0,0,0,0,0,492,0,0,156,30,0,0,0,0,0,0,0,0,0,0,0,0
483-23827-246S-26--483-24961N-246S-GST,1161,0,0,0,0,0,1205,175,0,0,0,0,0,365,0,0,0,0,0,0,0,0,0,0
483-23830-132U-31--483-24961N-246S-GST,166,0,0,0,0,0,0,724,0,0,0,0,0,0,0,0,0,0,0,0,0,0,0,0
483-23833-132U-28--483-24961N-246S-GST,1281,0,0,0,0,0,0,594,0,0,0,0,0,623,0,0,0,0,0,0,0,0,0,0
512-23968-43R-32--512-25072N-306R-BLD,2475,349,0,0,17,0,305,3475,0,0,0,361,0,4573,0,0,0,0,0,0,0,0,0,0
512-23971-43R-27--512-25072N-306R-BLD,3353,1842,0,0,0,0,227,2137,0,0,0,677,0,4446,0,0,0,0,0,0,0,0,0,0
512-23974-306R-33--512-25072N-306R-BLD,4703,2225,0,0,16,0,306,3117,0,0,0,404,0,4795,0,0,0,0,0,0,0,0,0,0
512-23977-306R-29--512-25072N-306R-BLD,3347,1922,0,0,1071,0,198,1758,0,0,0,399,0,4457,0,0,0,0,0,0,0,0,0,0
515-23683-156T-35--515-25073N-18V-BLD,4331,617,0,0,0,0,19,358,201,0,0,0,0,2035,0,0,0,0,0,0,0,0,0,0
515-23686-18V-37--515-25073N-18V-BLD,2394,330,41,0,0,0,293,99,0,0,0,0,0,811,0,0,0,0,0,0,0,0,0,0
515-23689-18V-36--515-25073N-18V-BLD,813,0,0,0,0,0,345,80,0,0,0,0,0,713,0,0,0,0,0,0,0,0,0,0
515-24723-156T-36--515-25073N-18V-BLD,2568,329,0,0,0,0,0,899,0,0,0,0,0,1768,0,0,0,0,0,0,0,0,0,0
521-23579-143Y-30--521-25074N-142U-BLD,1613,2082,0,0,0,0,667,639,0,0,2466,0,0,880,0,0,0,0,0,0,0,0,0,0
521-24651-165P-30--521-25074N-142U-BLD,2061,2211,0,0,0,0,596,980,0,84,2441,0,0,1598,0,0,0,0,0,0,0,0,0,0
521-24654-165P-28--521-25074N-142U-BLD,1203,274,0,0,1916,0,229,69,0,0,0,0,0,1223,0,0,0,0,0,0,0,0,0,0
521-24657-143Y-28--521-25074N-142U-BLD,390,0,0,0,0,0,0,1444,0,0,0,0,0,989,0,0,0,0,0,0,0,0,0,0
541-24223-55O-33--541-24963N-55O-GST,3326,1229,0,0,825,0,328,85,0,0,1375,0,0,1101,0,0,0,0,0,0,0,0,131,0
541-24226-55O-31--541-24963N-55O-GST,3858,132,0,0,0,0,518,157,0,0,0,0,0,1177,0,0,0,0,0,0,0,0,0,0
541-24229-69R-32--541-24963N-55O-GST,3275,226,0,0,11,0,380,152,0,0,0,0,0,810,0,0,0,0,0,0,0,0,0,0
541-24232-69R-30--541-24963N-55O-GST,3824,134,0,0,0,0,748,72,0,0,0,0,0,1279,0,0,0,0,0,0,0,0,0,0
55-23611-140P-31--55-25056N-204U-BLD,1289,0,0,0,0,0,204,512,0,0,0,0,95,1211,0,0,0,0,0,0,0,0,0,0
55-23614-204U-32--55-25056N-204U-BLD,1013,0,0,0,0,0,266,485,0,0,0,0,0,934,0,0,94,0,0,0,0,0,0,0
55-23617-204U-30--55-25056N-204U-BLD,2135,0,0,0,0,0,439,995,0,0,0,0,0,2420,0,0,0,0,0,0,0,0,0,0
55-23620-67G-33--55-25056N-204U-BLD,37,11,139,0,0,0,0,0,0,0,0,0,0,0,0,0,0,0,0,0,0,0,10,0
55-23623-67G-31--55-25056N-204U-BLD,1592,0,0,0,0,0,322,296,0,0,0,0,383,1422,0,0,0,0,0,0,0,0,0,0
55-24702-140P-32--55-25056N-204U-BLD,1594,0,0,0,0,0,112,870,0,0,0,0,0,1487,0,0,0,0,0,0,0,0,0,0
551-24433-158P-30--551-25017N-129P-BLD,2894,0,0,0,0,0,338,1058,0,0,0,0,0,4288,0,0,0,0,0,0,0,0,0,0
551-24436-158P-32--551-25017N-129P-BLD,448,0,0,0,0,0,0,1707,0,0,0,112,0,5316,0,0,0,0,0,0,0,0,0,0
551-24439-186T-29--551-25017N-129P-BLD,3851,0,0,0,0,0,387,1953,0,0,0,0,0,7230,0,0,0,0,0,0,0,0,0,0
551-24822-186T-31--551-25017N-129P-BLD,1525,0,0,0,0,0,0,1878,0,0,0,0,0,5415,0,0,0,0,0,0,0,0,0,0
568-24690-177S-27--568-25075N-302T-BLD,0,0,0,0,0,0,0,2168,0,0,0,0,0,3594,0,0,0,0,0,0,0,0,0,0
568-24693-177S-30--568-25075N-302T-BLD,0,0,0,0,0,0,0,910,0,0,0,0,0,369,0,0,0,0,0,0,0,0,0,0
568-24885-191U-31--568-25075N-302T-BLD,0,0,0,0,0,0,0,867,0,0,0,109,0,90,0,0,0,0,0,0,0,0,0,0
568-24888-191U-31--568-25075N-302T-BLD,3668,450,0,0,1584,0,554,126,0,0,321,0,0,1515,0,0,0,0,0,0,0,0,0,0
572-23776-94R-32--572-24962N-94R-GST,8697,364,0,0,0,0,1561,390,0,0,0,0,0,5553,0,0,0,0,0,0,0,0,0,0
572-23779-94R-31--572-24962N-94R-GST,9730,525,0,0,0,0,1000,593,0,0,650,0,0,6069,0,0,0,0,0,0,0,0,0,0
572-23785-66V-32--572-24962N-94R-GST,8885,380,0,0,0,0,1240,373,0,0,0,0,0,5474,0,0,0,0,0,0,0,0,0,0
572-24741-66V-34--572-24962N-94R-GST,168,0,0,0,518,0,34,0,0,0,22,0,0,0,0,0,0,0,0,0,0,0,33,19
575-24541-32W-30--575-25019N-181R-BLD,0,0,0,0,0,0,3275,154,0,0,0,0,0,35,0,0,106,0,0,0,0,0,0,0
575-25141-181R-28--575-25019N-181R-BLD,0,0,0,0,0,0,1649,457,0,0,0,0,0,770,0,0,77,0,0,0,0,0,0,0
575-25147-181R-26--575-25019N-181R-BLD,0,0,0,0,0,0,0,1866,0,0,0,0,0,0,0,0,0,0,0,0,0,0,0,0
575-25150-32W-32--575-25019N-181R-BLD,0,0,0,0,0,0,144,1935,0,0,0,0,0,0,0,0,0,0,0,0,0,0,0,0
59-23638-114U-33--59-24989N-165S-BLD,656,124,0,0,408,0,132,126,0,102,0,0,0,533,0,0,0,0,0,0,0,0,0,0
59-23641-114U-31--59-24989N-165S-BLD,763,0,18,0,0,0,0,501,0,0,0,0,0,778,0,0,0,0,0,0,0,0,0,0
59-23644-48W-33--59-24989N-165S-BLD,408,0,0,0,0,0,95,595,0,0,0,0,0,803,0,0,36,0,0,0,0,0,0,0
59-23647-48W-31--59-24989N-165S-BLD,0,0,0,0,0,0,936,288,0,0,0,0,0,989,0,0,44,0,0,0,0,0,0,0
59-23650-95F-34--59-24989N-165S-BLD,869,23,0,0,0,0,412,416,0,0,0,0,0,1013,0,0,0,0,0,0,0,0,0,0
59-23653-95F-32--59-24989N-165S-BLD,258,0,0,0,0,0,208,358,0,0,0,0,0,815,0,0,40,0,0,0,0,0,0,0
609-23992-126P-33--609-25076N-66Y-BLD,1407,472,239,0,0,0,234,890,0,0,0,0,0,1250,0,0,119,0,0,0,0,0,0,0
609-23998-125T-32--609-25076N-66Y-BLD,1521,302,0,0,0,0,788,793,0,0,0,0,0,1320,0,0,76,0,0,0,0,0,0,0
609-24004-66Y-31--609-25076N-66Y-BLD,1605,50,0,0,0,0,830,628,0,0,0,0,134,1383,0,0,87,0,0,0,0,0,0,0
609-24007-66Y-29--609-25076N-66Y-BLD,1398,398,0,0,925,0,359,231,0,0,0,0,0,1131,0,0,0,0,0,0,0,0,0,0
609-24768-126P-34--609-25076N-66Y-BLD,969,213,0,0,1371,0,0,46,0,0,0,0,0,299,0,0,0,0,0,0,0,0,0,0
609-24915-125T-29--609-25076N-66Y-BLD,1378,374,0,0,861,0,380,240,0,0,0,0,0,1041,0,0,0,0,0,0,0,0,0,0
611-24559-125X-30--611-25077N-118V-BLD,4574,277,0,0,0,0,603,99,0,0,0,0,0,521,0,0,0,0,0,0,0,0,0,0
611-24565-141T-31--611-25077N-118V-BLD,1600,0,0,0,0,0,663,1040,0,0,0,0,0,1421,0,0,93,0,0,0,0,0,0,0
611-24837-125X-28--611-25077N-118V-BLD,3092,0,334,0,0,0,313,276,0,0,0,0,0,854,0,0,0,0,0,0,0,0,0,0
611-24843-141T-30--611-25077N-118V-BLD,723,0,0,0,0,0,544,340,0,0,0,0,0,567,0,0,46,0,0,0,0,0,0,0
619-24463-38N-29--619-25078N-72S-BLD,1572,386,0,0,752,0,857,50,0,0,0,0,0,689,0,0,0,0,0,0,0,0,0,0
619-24466-38N-31--619-25078N-72S-BLD,2368,500,0,0,573,0,1102,155,0,0,0,0,0,933,0,0,0,0,0,0,0,0,0,0
619-24469-83U-31--619-25078N-72S-BLD,1598,349,0,0,621,0,813,54,0,0,0,0,0,687,0,0,0,0,0,0,0,0,0,0
619-25183-83U-32--619-25078N-72S-BLD,1632,243,0,0,0,0,1166,550,0,0,0,0,0,852,0,0,0,0,0,0,0,0,0,0
623-23710-1O-36--623-24959N-133N-GST,2394,931,0,0,836,0,3707,339,0,0,0,0,0,224,0,0,0,0,0,0,0,0,0,0
623-23713-1O-35--623-24959N-133N-GST,1977,850,0,0,1577,0,1676,369,0,0,0,125,0,580,0,0,0,0,0,0,0,0,0,0
623-24672-133N-36--623-24959N-133N-GST,738,261,4,0,0,0,902,138,0,0,0,0,262,62,0,0,0,0,0,0,0,0,0,0
623-24879-133N-38--623-24959N-133N-GST,6,0,0,0,91,14,0,0,0,0,0,0,0,0,0,0,0,0,0,0,0,0,0,0
626-24022-238S-33--626-25079N-194T-BLD,0,0,0,0,0,0,0,1033,0,0,0,0,0,0,0,0,0,0,0,0,0,0,0,0
626-24028-12X-34--626-25079N-194T-BLD,0,0,0,0,0,0,0,669,0,0,0,0,0,452,0,0,0,0,0,0,0,0,0,0
626-24031-12X-33--626-25079N-194T-BLD,0,0,0,0,0,0,0,632,0,0,0,0,0,0,0,0,0,0,0,0,0,0,0,0
631-23728-72V-39--631-24973N-72V-GST,2273,54,0,0,0,0,103,904,0,0,0,0,0,1424,0,0,0,0,0,0,0,0,0,0
631-23731-72V-39--631-24973N-72V-GST,3732,455,0,0,0,0,596,449,0,0,0,0,0,2077,0,0,0,0,0,0,0,0,0,0
631-24729-5X-36--631-24973N-72V-GST,5298,569,0,0,0,0,699,622,0,0,0,0,0,2644,0,0,0,0,0,0,0,0,0,0
631-24732-5X-37--631-24973N-72V-GST,5492,0,0,0,0,0,31,688,0,0,0,0,0,2866,0,0,0,0,0,0,0,0,0,0
635-24037-159M-30--635-25080N-95V-BLD,0,0,0,0,0,0,0,839,0,0,0,0,0,159,0,0,0,0,0,0,0,0,0,0
635-24040-164S-33--635-25080N-95V-BLD,0,0,0,0,0,0,0,1293,0,0,0,0,0,353,0,0,0,0,0,0,0,0,0,0
635-24043-164S-29--635-25080N-95V-BLD,0,0,0,0,0,0,0,1853,0,0,0,0,0,1649,0,0,131,0,0,0,0,0,0,0
635-24046-73F-34--635-25080N-95V-BLD,0,0,0,0,0,0,0,1075,0,0,0,0,0,954,0,0,90,0,0,0,0,0,0,0
635-24049-73F-31--635-25080N-95V-BLD,0,0,0,0,0,0,0,874,0,0,0,0,0,1492,0,0,99,0,0,0,0,0,0,0
635-24783-159M-34--635-25080N-95V-BLD,0,0,0,0,0,0,0,1182,0,0,0,0,0,138,0,0,0,0,0,0,0,0,0,0
639-24235-29V-33--639-25025N-173W-BLD,763,221,0,0,1306,0,0,37,0,0,0,0,0,1156,0,0,0,0,0,0,0,0,0,0
639-24238-29V-33--639-25025N-173W-BLD,1381,284,0,0,1169,0,23,50,0,0,0,0,0,1425,0,0,0,0,0,0,0,0,0,0
639-24241-173W-33--639-25025N-173W-BLD,2417,402,0,0,399,0,19,363,0,0,0,0,0,2278,0,0,0,0,0,0,0,0,0,0
639-24244-173W-33--639-25025N-173W-BLD,951,188,0,0,1361,0,21,37,0,0,0,0,0,1096,0,0,0,0,0,0,0,0,0,0
652-23878-22R-38--652-25081N-92S-BLD,3161,0,0,0,0,0,1409,1853,0,0,0,0,0,2627,0,0,0,0,0,0,0,0,0,0
652-23884-100Y-38--652-25081N-92S-BLD,721,0,0,0,0,0,1829,686,0,0,0,0,0,815,0,0,78,0,0,0,0,0,0,0
652-23887-100Y-37--652-25081N-92S-BLD,3263,0,0,0,0,0,1307,1885,0,0,0,0,0,2827,0,0,0,0,0,0,0,0,0,0
652-25111-22R-38--652-25081N-92S-BLD,363,0,0,0,0,0,2501,535,0,0,0,0,0,291,0,0,98,0,0,0,0,0,0,0
660-24052-83O-31--660-25082N-213R-BLD,3924,803,0,0,1166,0,1566,113,0,0,0,0,0,1075,0,0,0,0,0,0,0,0,0,0
660-24055-83O-27--660-25082N-213R-BLD,3950,782,510,0,0,0,510,1233,0,0,0,149,0,1424,0,0,0,0,0,0,0,0,1043,0
660-24058-213R-33--660-25082N-213R-BLD,5095,1180,0,0,1775,0,1447,271,0,0,0,189,0,1343,0,0,0,0,0,0,0,0,0,0
660-24897-213R-30--660-25082N-213R-BLD,4880,1090,433,0,1050,0,1979,152,0,0,0,0,0,1277,0,0,0,0,0,0,0,0,0,0
672-24547-166V-42--672-25083N-47V-BLD,2609,562,0,0,0,0,1202,2443,0,0,0,173,0,647,0,0,0,0,0,0,0,0,0,0
672-24550-5R-39--672-25083N-47V-BLD,1146,0,0,0,0,0,277,485,0,0,0,0,0,755,0,0,0,0,0,0,0,0,0,0
672-24553-5R-40--672-25083N-47V-BLD,693,211,27,0,0,0,28,422,0,0,0,0,0,686,0,0,0,0,0,0,0,0,0,0
672-25156-166V-39--672-25083N-47V-BLD,907,138,0,0,0,0,317,173,0,0,0,0,50,496,64,0,0,0,0,0,0,0,0,0
686-23635-1T-32--686-25029N-77P-BLD,0,0,0,0,0,0,0,1844,0,0,1052,0,0,0,0,0,0,0,0,0,0,0,0,0
686-24663-69O-34--686-25029N-77P-BLD,453,0,0,0,0,0,1177,393,0,0,0,0,0,17,0,0,60,0,0,0,0,0,0,0
686-24669-1T-32--686-25029N-77P-BLD,0,0,0,0,0,0,191,2579,0,0,0,0,0,70,0,0,0,0,0,0,0,0,0,0
686-25096-69O-33--686-25029N-77P-BLD,486,0,0,0,0,0,705,591,0,0,0,0,0,287,0,0,70,0,0,0,0,0,0,0
702-24852-115P-34--702-25030N-55S-BLD,672,0,0,0,0,0,866,294,0,0,0,0,0,1153,0,0,64,0,0,0,0,0,0,0
702-24855-115P-33--702-25030N-55S-BLD,2630,0,0,0,0,0,94,833,0,0,0,0,0,2708,0,0,0,0,0,0,0,0,0,0
702-24858-83A-35--702-25030N-55S-BLD,798,0,0,0,0,0,339,143,0,0,0,0,184,316,0,0,0,0,0,0,0,0,0,0
702-24861-83A-34--702-25030N-55S-BLD,2320,0,0,0,0,0,487,1211,0,0,0,0,0,2934,0,0,0,0,0,0,0,0,0,0
728-24265-219S-39--728-25084N-219S-BLD,3177,184,0,0,0,0,184,87,0,0,0,0,0,763,0,0,0,0,0,0,0,0,46,0
728-24268-219S-38--728-25084N-219S-BLD,5148,636,0,0,49,0,110,281,0,0,0,0,0,2129,0,0,0,0,0,0,0,0,0,0
728-25162-210R-39--728-25084N-219S-BLD,1295,133,0,0,0,0,413,62,0,0,0,0,3,45,0,0,0,0,0,0,0,0,0,0
728-25165-210R-38--728-25084N-219S-BLD,3045,192,0,0,0,0,452,81,0,0,0,0,0,1043,0,0,0,0,0,0,0,0,0,0
729-23752-237T-34--729-25033N-237R-BLD,0,0,0,0,0,0,0,710,0,0,0,0,0,118,0,0,40,0,0,0,0,0,0,0
729-23755-237T-34--729-25033N-237R-BLD,0,0,0,0,0,0,0,225,0,0,0,0,0,114,0,0,0,0,0,0,0,0,0,0
729-23758-146W-35--729-25033N-237R-BLD,0,0,8,0,3,15,0,0,0,4,0,0,0,0,0,0,0,0,0,0,0,1,0,18
729-23761-146W-33--729-25033N-237R-BLD,3,0,0,0,74,10,0,4,0,0,0,0,0,0,0,0,0,0,0,0,3,0,0,0
74-23668-230T-33--74-25057N-80U-BLD,1891,779,0,0,0,0,2702,539,0,0,562,0,183,1772,0,0,0,0,0,0,0,0,0,0
74-23677-169U-32--74-25057N-80U-BLD,1766,820,0,0,0,0,2680,683,220,0,628,0,184,1849,0,0,0,0,0,0,0,0,0,0
74-24714-230T-31--74-25057N-80U-BLD,559,0,0,0,0,0,2901,1295,0,0,1009,0,0,2492,0,0,0,0,0,0,0,0,0,0
74-24717-169U-30--74-25057N-80U-BLD,2311,1155,0,0,11,0,3440,1189,283,0,900,0,0,2983,0,0,0,0,0,0,0,0,0,0
740-24247-138M-36--740-24960N-156N-GST,1910,894,0,0,3129,0,214,201,643,0,0,0,0,3074,0,0,0,0,0,0,0,0,0,0
740-24250-138M-33--740-24960N-156N-GST,1312,188,0,0,1922,0,0,138,407,0,0,0,0,1543,0,0,0,0,0,0,0,0,0,0
740-24253-156N-35--740-24960N-156N-GST,1560,822,0,0,3314,0,56,178,763,0,0,0,0,3206,0,0,0,0,0,0,0,0,0,0
740-24256-156N-33--740-24960N-156N-GST,1631,710,0,0,2319,0,152,289,528,0,0,0,0,2081,0,0,0,0,0,0,0,0,0,0
772-24568-116N-34--772-24977N-116N-GST,0,0,0,0,0,0,0,3011,0,0,0,0,0,30,0,0,0,0,0,0,0,0,0,0
772-24571-116N-36--772-24977N-116N-GST,0,0,0,0,0,0,0,2836,0,0,0,156,0,29,0,0,0,0,0,0,0,0,0,0
772-24574-123K-33--772-24977N-116N-GST,0,0,0,0,0,0,0,2885,0,0,0,0,0,259,0,0,0,0,0,0,0,0,0,0
772-24577-123K-35--772-24977N-116N-GST,0,0,0,0,0,541,0,2126,0,0,0,0,0,280,0,0,0,0,0,0,0,0,0,0
779-24082-103J-29--779-21582N-67M-GST,2341,0,0,0,617,0,86,195,0,0,0,0,0,1148,0,0,0,0,0,0,0,0,0,0
779-24085-103J-25--779-21582N-67M-GST,2002,0,438,0,0,0,120,928,0,0,0,0,0,867,0,0,0,0,0,0,0,0,0,0
779-24091-67M-31--779-21582N-67M-GST,2052,0,714,0,0,0,65,1453,0,0,0,0,0,929,0,0,0,0,0,0,0,0,0,0
779-24094-67M-28--779-21582N-67M-GST,2038,0,1580,0,0,0,0,2288,0,0,0,0,0,401,0,0,0,0,0,0,0,0,0,0
806-23341-225T-36--806-25035N-53S-BLD,0,0,0,0,0,0,0,2069,0,0,0,0,0,148,0,0,0,0,0,0,0,0,0,0
806-24154-225T-37--806-25035N-53S-BLD,1101,0,0,0,0,0,616,435,0,0,0,0,0,692,0,0,0,0,0,0,0,0,0,0
806-24157-70V-34--806-25035N-53S-BLD,668,0,0,0,0,0,116,1877,0,0,0,0,0,202,0,0,0,0,0,0,0,0,0,0
806-24160-70V-34--806-25035N-53S-BLD,878,0,0,0,0,0,2226,467,0,0,0,0,0,42,0,0,0,0,0,0,0,0,0,0
833-24010-30T-31--833-25085N-211U-BLD,3950,0,0,0,0,0,7574,526,0,0,0,0,0,0,0,0,0,0,0,0,0,0,0,0
833-24016-147V-30--833-25085N-211U-BLD,2830,0,0,0,0,0,2029,495,0,0,0,0,0,1245,0,0,0,0,0,0,0,0,0,0
833-24774-30T-27--833-25085N-211U-BLD,2189,0,0,0,0,0,1225,1041,0,0,0,0,0,1149,0,0,88,0,0,0,0,0,0,0
833-24777-147V-26--833-25085N-211U-BLD,7773,945,115,0,0,0,3754,548,0,0,0,0,0,2594,0,0,0,0,0,0,0,0,0,0
852-23902-163M-35--852-7031N-89O-GST,1567,0,283,0,0,0,245,391,0,0,0,0,0,916,0,0,0,0,0,0,0,0,0,0
852-23905-163M-33--852-7031N-89O-GST,1457,318,0,0,1132,0,0,41,0,0,0,0,8,860,0,0,0,0,0,0,0,0,0,0
852-23908-89O-35--852-7031N-89O-GST,999,0,262,0,0,0,178,397,0,0,0,0,0,697,0,0,42,0,0,0,0,0,0,0
852-24876-89O-34--852-7031N-89O-GST,2099,423,0,0,829,0,89,141,0,0,0,0,0,1292,0,0,0,0,0,0,0,0,0,0
856-23962-144Y-36--856-25038N-171U-BLD,3296,128,0,0,165,0,704,300,0,0,0,0,0,1292,0,0,0,0,0,0,0,0,0,0
856-24756-124W-37--856-25038N-171U-BLD,3462,259,0,0,137,0,709,74,0,0,0,0,0,1268,0,0,0,0,0,0,0,0,0,0
856-24759-144Y-34--856-25038N-171U-BLD,2597,440,0,0,727,0,1132,167,0,0,0,0,0,912,0,0,0,0,0,0,0,0,0,0
856-24891-144Y-36--856-25038N-171U-BLD,2874,131,0,0,568,0,991,62,0,0,0,0,0,832,0,0,0,0,0,0,0,0,0,0
862-24580-125S-33--862-25039N-6R-BLD,585,119,0,0,0,0,0,239,0,0,0,0,0,894,0,0,0,0,0,0,0,0,0,0
862-24586-19U-31--862-25039N-6R-BLD,1650,372,0,0,0,0,319,610,0,0,0,0,0,1852,0,0,0,0,0,0,0,0,0,0
862-24589-19U-33--862-25039N-6R-BLD,628,196,47,0,0,0,0,298,0,0,0,0,0,629,0,0,0,0,0,0,0,0,0,0
862-24846-125S-35--862-25039N-6R-BLD,770,287,0,0,0,0,13,397,0,0,0,0,0,1152,0,0,0,0,0,0,0,0,0,0
865-24070-221U-27--865-25040N-207R-BLD,720,170,186,0,1356,0,0,50,0,0,0,0,0,569,0,0,0,0,0,0,0,0,0,0
865-24073-221U-26--865-25040N-207R-BLD,1474,159,445,0,125,0,82,707,0,0,0,0,0,1144,0,0,0,0,0,0,0,0,0,0
865-24076-60E-26--865-25040N-207R-BLD,136,0,39,0,1,0,0,0,0,0,0,0,294,0,0,0,0,0,0,0,0,0,0,0
865-24079-60E-25--865-25040N-207R-BLD,3049,452,568,0,136,0,371,207,0,0,0,0,426,1082,0,0,0,0,0,0,0,0,0,0
865-24786-35T-27--865-25040N-207R-BLD,1108,174,600,0,0,0,147,455,0,0,0,0,460,1112,0,0,0,0,221,0,0,0,0,0
865-24789-35T-25--865-25040N-207R-BLD,1479,257,408,0,0,0,0,961,0,0,382,0,0,1394,0,0,0,0,119,0,0,0,0,0
88-23692-18U-36--88-24991N-123S-BLD,2275,380,0,0,1190,0,201,233,0,0,0,0,0,1135,0,0,0,0,0,0,0,0,0,0
88-23695-18U-35--88-24991N-123S-BLD,2429,408,0,0,1187,0,162,237,0,0,0,0,0,1375,0,0,0,0,0,0,0,0,0,0
88-23698-198V-33--88-24991N-123S-BLD,2591,386,0,0,1034,0,241,250,0,0,0,0,0,1183,0,0,0,0,0,0,0,0,0,0
88-23701-198V-33--88-24991N-123S-BLD,2409,417,0,0,1206,0,314,246,0,0,0,0,0,1363,0,0,0,0,0,0,0,0,0,0
891-24604-309R-31--891-25041N-75P-BLD,2930,0,1417,0,0,0,2406,2419,0,0,0,0,0,2610,0,0,210,0,0,0,0,0,0,0
891-24613-5P-25--891-25041N-75P-BLD,2133,204,87,0,0,0,859,3116,0,0,0,0,0,4766,0,0,0,0,0,0,0,0,0,0
891-24616-5P-31--891-25041N-75P-BLD,0,0,0,0,0,0,0,3510,0,0,0,0,0,253,0,0,0,0,0,0,0,0,0,0
891-24873-309R-32--891-25041N-75P-BLD,875,131,0,0,0,0,979,365,0,0,207,0,395,741,0,0,57,0,0,0,0,0,0,0
900-23926-32P-30--900-25089N-32P-GST,1774,70,44,0,0,0,10,107,0,0,0,0,0,728,0,0,0,0,0,0,0,0,0,0
900-23929-32P-28--900-25089N-32P-GST,2933,474,79,0,0,0,314,198,0,0,0,0,0,1026,0,0,0,0,0,0,0,0,0,0
900-23932-64R-32--900-25089N-32P-GST,2992,124,0,0,0,0,313,284,0,0,0,0,0,1369,0,0,0,0,0,0,0,0,0,0
900-23935-64R-30--900-25089N-32P-GST,2378,260,0,0,0,0,125,391,0,0,0,0,0,1194,0,0,0,0,0,0,0,0,0,0
909-24514-105U-34--909-25086N-9U-BLD,3012,226,0,0,121,0,299,209,0,0,0,0,0,973,0,0,0,0,0,0,0,0,0,0
909-24520-161W-35--909-25086N-9U-BLD,3787,224,0,0,111,0,302,218,0,0,0,0,0,1669,0,0,0,0,0,0,0,0,0,0
909-24523-161W-36--909-25086N-9U-BLD,2268,186,0,0,25,0,794,172,0,0,0,0,0,524,0,0,0,0,0,0,0,0,0,0
909-24526-41G-34--909-25086N-9U-BLD,4591,514,0,0,70,0,524,134,0,0,0,0,0,1475,0,0,0,0,0,0,0,0,0,0
909-24529-41G-36--909-25086N-9U-BLD,2118,179,0,0,3,0,441,152,0,0,0,0,0,742,0,0,0,0,0,0,0,0,0,0
909-24831-105U-35--909-25086N-9U-BLD,1652,127,0,0,0,0,233,154,0,0,0,0,0,603,0,0,0,0,0,0,0,0,0,0
911-24619-11Y-25--911-25044N-6X-BLD,2330,649,215,0,206,0,306,825,0,0,0,0,0,1839,0,0,0,0,0,0,0,0,0,0
911-24622-11Y-29--911-25044N-6X-BLD,2861,603,0,0,0,0,473,1211,0,0,0,157,215,2219,0,0,0,0,0,0,0,0,0,0
911-24625-168V-28--911-25044N-6X-BLD,1871,0,426,0,0,0,85,1085,0,0,0,0,0,1548,0,0,0,0,0,0,0,0,0,0
911-24628-168V-30--911-25044N-6X-BLD,1443,440,0,0,1172,0,375,217,0,0,0,0,0,1099,0,0,0,0,0,0,0,0,0,0
915-24490-121V-31--915-25045N-156W-BLD,894,0,0,0,0,0,88,557,0,0,0,0,0,763,0,0,0,0,0,0,0,0,0,0
915-25168-121V-31--915-25045N-156W-BLD,4025,0,0,0,0,0,278,644,0,0,0,0,0,2059,0,0,0,0,0,0,0,0,0,0
915-25171-8Z-33--915-25045N-156W-BLD,1143,65,176,0,0,0,335,180,0,0,0,0,0,497,0,0,0,0,0,0,0,0,0,0
915-25174-8Z-30--915-25045N-156W-BLD,1081,0,0,0,0,0,346,654,0,0,0,0,0,725,0,0,53,0,0,0,0,0,0,0
942-24124-18X-36--942-25046N-166T-BLD,3592,142,0,0,0,0,715,272,0,0,0,0,0,1663,0,0,0,0,0,0,0,0,0,0
942-24792-157V-37--942-25046N-166T-BLD,1023,0,0,0,0,0,0,1474,0,0,0,0,0,2038,0,0,0,0,0,0,0,0,0,0
942-24795-157V-36--942-25046N-166T-BLD,0,0,0,0,0,0,0,926,0,0,0,0,0,0,0,0,0,0,0,0,0,0,0,0
942-24906-18X-38--942-25046N-166T-BLD,877,0,0,0,0,0,964,406,0,0,0,0,0,14,0,0,50,0,0,0,0,0,0,0
951-23800-129V-35--951-25047N-169W-BLD,4377,0,0,0,1757,0,176,147,0,0,0,0,0,2332,0,0,0,0,0,0,0,0,0,0
951-23803-129V-33--951-25047N-169W-BLD,8339,0,0,0,699,0,236,697,0,0,0,0,0,3703,0,0,0,0,0,0,0,0,0,0
951-23806-108A-36--951-25047N-169W-BLD,7671,0,0,0,270,0,332,467,0,0,0,0,0,2117,0,0,0,0,0,0,0,0,0,0
951-23809-108A-36--951-25047N-169W-BLD,6979,0,0,0,204,0,410,345,0,0,0,0,0,2029,0,0,0,0,0,0,0,0,0,0
954-24205-298T-35--954-25048N-259T-BLD,8038,1943,0,0,378,0,1368,178,2585,0,0,247,0,3091,0,0,0,0,0,0,0,0,0,0
954-24208-298T-34--954-25048N-259T-BLD,8260,1986,0,0,139,0,1740,186,2592,0,0,257,0,3191,0,0,0,0,0,0,0,0,0,0
954-24214-219U-36--954-25048N-259T-BLD,8307,1918,0,0,421,0,975,174,2554,0,0,226,0,3010,0,0,0,0,0,0,0,0,0,0
954-24220-219U-34--954-25048N-259T-BLD,7919,1899,0,0,46,0,1738,175,2542,0,0,238,0,3013,0,0,0,0,0,0,0,0,0,0
956-23980-192V-36--956-25087N-192V-BLD,4916,263,0,0,0,0,492,203,0,0,0,0,0,1568,0,0,0,0,0,0,0,0,0,0
956-23986-162W-37--956-25087N-192V-BLD,2351,77,0,0,54,0,111,3,0,0,0,0,279,263,0,0,0,0,0,0,0,0,0,0
956-24765-162W-35--956-25087N-192V-BLD,4573,0,0,0,516,0,0,147,0,0,0,0,0,2195,0,0,0,0,0,0,0,0,0,0
956-24948-192V-35--956-25087N-192V-BLD,6028,323,0,0,123,0,356,316,0,0,0,0,0,3100,0,0,0,0,0,0,0,0,0,0
968-24187-266V-29--968-25050N-23X-BLD,731,99,232,0,0,0,310,460,0,0,0,0,0,633,0,0,0,0,0,0,0,0,0,0
968-24190-266V-27--968-25050N-23X-BLD,4134,119,0,0,0,0,251,1042,0,0,0,0,0,2902,0,0,0,0,0,0,0,0,0,0
968-24193-31Z-28--968-25050N-23X-BLD,622,71,0,0,0,0,239,206,0,0,0,0,0,496,0,0,0,0,0,0,0,0,0,0
968-24196-31Z-26--968-25050N-23X-BLD,1041,117,0,0,0,0,0,437,0,0,0,72,306,710,0,0,0,0,0,0,0,0,0,0
977-23854-209U-33--977-25088N-178U-BLD,0,0,0,1126,0,0,5622,2257,0,0,1288,1413,0,0,0,0,193,0,0,0,0,0,0,0
977-23857-209U-28--977-25088N-178U-BLD,0,0,0,0,0,0,4732,4898,0,0,1647,2561,0,2416,0,0,301,0,0,0,0,0,0,0
977-23860-115V-33--977-25088N-178U-BLD,43,11,24,0,0,0,110,11,0,0,0,0,0,1,0,0,8,0,6,0,0,0,0,0
977-24864-115V-32--977-25088N-178U-BLD,0,0,0,1100,0,0,5417,2227,0,0,1307,966,0,0,0,0,179,0,0,0,0,0,0,0
995-24130-187V-32--995-25053N-119V-BLD,2396,424,0,0,1028,0,168,66,0,0,0,0,0,1110,0,0,0,0,0,0,0,0,0,0
995-24133-91W-34--995-25053N-119V-BLD,2485,342,0,0,1008,0,148,38,0,0,0,0,0,411,0,0,0,0,0,0,0,0,0,0
995-24136-91W-31--995-25053N-119V-BLD,2054,2983,0,0,3392,0,1068,100,280,0,2036,0,0,491,0,0,0,0,0,0,0,0,0,0
995-24945-187V-35--995-25053N-119V-BLD,1618,222,0,0,746,0,81,26,0,0,0,0,0,111,0,0,0,0,0,0,0,0,0,0
997-24592-142W-30--997-25054N-122V-BLD,484,715,509,0,112,0,1023,1291,0,0,0,715,0,1692,0,0,0,0,0,0,0,0,0,0
997-24595-142W-33--997-25054N-122V-BLD,422,187,88,0,222,0,905,1193,0,0,0,636,0,1575,0,0,0,0,0,0,0,0,0,0
997-24598-184V-29--997-25054N-122V-BLD,553,0,0,0,443,0,2898,954,303,0,953,1040,0,962,0,0,0,0,0,0,0,0,0,0
997-24601-184V-32--997-25054N-122V-BLD,0,0,0,0,0,0,4416,804,0,0,0,0,0,55,0,0,0,0,0,0,0,0,0,0
