pair,Signature.1,Signature.2,Signature.3,Signature.4,Signature.5,Signature.6,Signature.8,Signature.9,Signature.11,Signature.12,Signature.13,Signature.14,Signature.16,Signature.18,Signature.19,Signature.20,Signature.21,Signature.22,Signature.23,Signature.24,Signature.25,Signature.27,Signature.28,Signature.30
2677,6325,0,0,0,2247,0,1903,1759,0,0,596,0,21,2987,0,0,0,0,0,0,0,0,0,0
2680,5617,0,0,0,0,0,86,59,0,0,0,0,0,4519,0,0,0,0,0,0,0,0,0,0
2681,6280,0,172,0,0,0,3558,152,0,0,0,0,0,1200,0,0,0,0,0,0,0,0,0,0
2683,5635,0,0,0,0,0,0,4685,0,0,0,0,0,5036,0,0,0,0,0,0,0,0,0,0
2684,6903,440,0,0,214,0,42,72,0,0,0,0,0,3054,0,0,0,0,0,0,0,0,0,0
2689,3715,279,1429,0,1844,0,5690,2196,0,0,636,0,0,0,0,0,0,0,0,0,0,0,0,0
2691,1343,0,0,11790,0,2300,4890,605,0,0,0,0,0,0,0,0,0,0,0,0,0,0,0,0
3514,8054,0,0,0,0,0,224,322,0,0,0,0,0,2859,0,0,0,0,0,0,0,0,0,0
3516,0,0,98,0,0,66797,0,1649,0,0,0,7254,22417,0,0,0,0,0,0,0,0,0,0,0
3518,0,0,0,0,0,42033,1427,927,0,131,0,6229,0,3825,0,0,0,0,0,0,0,0,0,0
3529,6564,270,3014,0,0,0,789,2572,0,0,0,0,0,2948,0,0,0,0,0,0,0,0,0,0
3534,7833,246,218,0,0,0,360,342,0,0,0,0,0,2831,0,0,0,0,0,0,0,0,0,0
3555,0,0,0,0,0,0,0,0,0,0,0,0,0,3625,0,0,0,0,0,0,0,0,3938,0
3574,5819,0,0,0,0,0,598,229,0,0,0,0,0,1670,0,0,0,0,0,0,0,0,0,0
3582,4052,0,0,0,0,0,1214,226,0,0,0,0,0,1877,0,0,0,0,0,0,0,0,0,0
3593,4203,0,2373,0,0,0,2023,8327,0,0,1481,0,0,0,0,0,0,0,0,0,0,0,0,0
3664,9058,313,0,0,0,0,851,198,0,0,0,0,0,4505,0,0,0,0,0,0,0,0,0,0
3666,3830,0,1583,0,0,0,6860,1776,0,0,1634,0,0,0,0,0,0,0,0,0,0,0,1045,0
3685,5056,176,813,0,0,0,2341,434,0,0,0,0,0,237,0,0,0,0,0,0,0,0,0,0
3727,6338,0,0,0,0,0,1114,1084,0,0,0,327,0,1399,0,0,0,0,0,0,0,0,0,0
3807,3436,377,2272,0,0,0,2246,473,0,0,0,0,179,364,0,0,0,0,0,0,0,0,0,0
3809,0,0,0,0,0,28329,1716,293,0,82,0,2096,0,3625,0,0,0,0,0,0,0,0,0,0
3810,2856,494,0,0,2491,0,2636,121,0,0,273,0,0,0,0,0,0,0,0,0,0,0,0,0
3885,5102,0,0,0,0,0,815,1438,0,0,0,0,1302,1366,0,0,0,0,0,0,0,0,0,0
3890,2823,0,821,0,0,0,4822,2606,0,1581,1087,0,0,0,0,0,0,0,0,0,0,431,0,0
3896,7956,215,1530,0,0,0,737,1235,0,0,0,0,0,1046,0,0,0,0,0,0,0,0,0,0
3901,6265,0,0,0,0,0,578,323,0,0,0,0,0,821,0,0,0,0,0,0,0,0,0,0
3913,3943,667,987,0,0,0,3995,3503,0,0,952,0,0,0,0,0,0,0,0,0,0,0,0,0
3956,5999,0,0,0,0,0,2561,3466,0,0,886,0,356,1971,0,0,0,0,0,0,0,0,0,0
3977,0,0,0,0,0,0,0,0,0,0,0,0,0,27142,0,0,0,0,0,0,0,0,54054,0
3994,9765,0,0,0,0,0,181,427,0,0,0,0,0,6152,0,0,0,0,0,0,0,0,0,0
4007,8414,0,0,0,0,0,4528,1767,0,0,667,0,24,2842,0,0,0,0,0,0,0,0,0,0
4008,4939,202,0,0,0,0,2918,1075,0,0,0,0,0,1886,0,0,0,0,0,0,0,0,0,0
4015,5945,566,1104,0,0,0,2526,981,0,0,0,0,0,1409,0,0,0,0,0,0,0,0,0,0
5656,6816,0,850,0,0,0,627,521,0,0,0,0,0,2065,0,0,0,0,0,0,0,0,0,0
5659,8152,0,0,0,0,0,664,170,0,0,0,0,0,10696,0,0,0,0,0,0,0,0,0,0
6141,0,0,0,0,0,0,0,0,0,0,0,0,0,1222,0,0,0,0,0,0,0,0,4415,0
6540,0,0,0,0,0,52813,7790,0,0,3380,0,5002,0,1173,0,0,0,0,0,0,0,0,0,0
6601,31969,0,0,0,0,73402,0,0,0,7195,0,3190,0,0,0,0,0,0,0,0,0,0,0,0
6650,6797,0,1030,0,0,0,1072,1277,0,0,0,0,0,1895,0,0,0,0,0,0,0,0,0,0
6717,0,0,0,0,0,0,0,0,0,0,0,0,0,49657,0,0,0,0,0,0,0,0,545920,0
6718,0,0,0,0,0,0,0,0,0,0,0,0,0,0,0,0,0,0,0,0,0,0,178214,0
6780,0,0,0,0,0,28639,4088,1527,0,0,0,4039,96,1208,0,0,0,0,0,0,0,0,0,0
6781,45026,0,0,0,0,48438,0,0,0,0,0,0,0,0,0,0,0,0,0,0,0,0,0,0
6814,0,0,0,0,0,0,0,0,0,0,0,0,0,21900,0,0,0,0,0,0,0,0,550957,0
6917,0,0,0,0,0,0,0,0,3982,0,0,0,0,0,0,0,0,0,0,0,0,0,4203,0
6964,0,3374,0,0,0,11983,0,0,0,2856,0,0,12763,0,0,19753,26126,0,8927,0,0,0,0,0
A002,0,0,0,0,0,0,0,0,0,0,0,0,0,27185,0,0,0,0,0,0,0,0,2043,0
A01R,27963,0,0,0,0,55890,0,521,0,0,0,0,0,0,0,0,0,0,0,0,0,0,0,0
A01S,4162,145,0,0,0,0,503,198,0,0,0,0,0,1641,0,0,0,0,0,0,0,0,0,0
A01T,3405,568,48,0,0,0,5695,1985,0,0,581,0,0,0,0,0,0,0,0,0,0,0,0,0
A01V,3296,242,1166,0,0,0,0,2946,0,0,0,0,0,3034,0,0,0,0,0,0,0,0,0,0
A01X,4685,606,0,0,0,0,1549,552,0,0,0,0,7,1054,0,0,0,0,0,0,0,0,0,0
A02O,6265,0,0,0,0,0,1681,3890,0,0,1064,0,0,4230,0,0,0,0,0,0,0,0,0,0
A02Y,4873,215,0,0,0,0,1429,757,0,0,0,0,548,3381,0,0,0,0,0,0,0,0,0,0
A032,4157,125,0,0,0,0,769,329,0,0,0,0,0,1496,0,0,0,0,0,0,0,0,0,0
A03F,8059,688,0,0,25920,0,0,1757,0,0,0,0,620,0,0,0,0,0,0,0,0,0,0,0
A50T,6007,0,324,0,0,0,679,711,0,0,0,0,0,3275,0,0,0,0,0,0,0,0,0,0
A50V,9567,0,0,0,0,0,1352,687,0,0,0,0,0,4583,0,0,0,0,0,0,0,0,0,0
A54L,4943,0,0,0,0,0,3707,3438,0,0,0,0,0,5596,0,0,0,0,0,0,0,0,0,0
A565,2401,0,0,0,202,5350,0,0,0,376,0,342,0,0,0,0,0,0,0,0,0,0,0,0
A566,7127,0,0,0,0,0,1528,400,0,0,0,0,0,7688,0,0,0,0,0,0,0,0,0,0
A567,4406,0,0,0,0,0,1038,87,0,0,0,0,4,557,0,0,0,0,0,0,0,0,0,0
A56B,6333,0,788,0,0,0,367,637,0,0,0,0,0,2076,0,0,0,0,0,0,0,0,0,0
A5EJ,0,0,0,0,64,52671,5121,65,0,16588,0,13298,0,770,0,6093,0,0,0,0,0,0,0,0
A5EK,5501,0,0,0,0,0,416,151,0,0,0,0,0,5904,0,0,0,0,0,0,0,0,0,0
A5YV,7261,0,779,0,0,0,990,1108,0,0,0,0,0,3185,0,0,0,0,0,0,0,0,0,0
A5YW,6644,270,1028,0,0,0,1633,2830,0,0,0,0,319,4836,0,0,0,0,0,0,0,0,0,0
A5YX,6102,175,0,0,0,0,281,36,0,0,0,0,12,2404,0,0,0,0,0,0,0,0,0,0
A5Z1,7322,0,0,0,0,0,1650,318,0,0,0,0,10,1031,0,0,0,0,0,0,0,0,0,0
A5Z2,0,0,0,0,4658,38353,858,339,0,3522,0,1227,0,4929,0,0,0,0,0,0,0,0,0,0
CA-0194,7637,0,0,0,0,0,1970,109,0,0,0,0,0,1087,0,0,0,0,0,0,0,0,0,0
CA-0196,4375,0,1443,0,0,287,1522,5250,0,0,0,0,905,0,0,0,0,0,0,0,0,0,0,0
CA-0202,3473,0,176,0,0,0,2790,1977,0,0,0,0,0,1045,0,0,0,0,0,0,0,0,0,0
CA-0203,7762,271,765,0,0,0,771,869,0,0,0,0,0,4014,0,0,0,0,0,0,0,0,0,0
CA-0205,2723,111,224,0,0,0,3246,149,0,0,0,0,0,223,0,0,0,0,0,0,0,0,0,0
CA-0214,0,0,0,0,0,766,4996,1521,0,0,0,0,0,451,0,0,0,0,0,10,0,0,0,0
PM1230-Z1,0,0,0,0,0,27205,729,235,0,13872,0,1407,0,6927,0,8608,0,0,0,0,0,0,0,0
PM1234-Z1,0,0,0,0,0,17930,0,4043,0,404,0,16787,0,0,0,0,0,0,0,0,0,0,0,0
