pair,Signature.1,Signature.2,Signature.3,Signature.4,Signature.5,Signature.6,Signature.8,Signature.9,Signature.11,Signature.12,Signature.13,Signature.14,Signature.16,Signature.18,Signature.19,Signature.20,Signature.21,Signature.22,Signature.23,Signature.24,Signature.25,Signature.27,Signature.28,Signature.30
4101316,0,0,0,0,1632,0,1271,63,0,0,0,0,0,391,236,0,0,0,0,0,0,0,124,864
4102009,1142,197,0,0,3087,0,694,5980,0,0,0,0,0,0,0,0,0,0,0,0,0,0,0,0
4103141,629,255,0,0,1686,0,149,3562,0,0,0,0,0,0,0,0,0,0,0,0,135,0,0,0
4104893,344,136,0,0,1474,0,1406,3522,0,92,0,516,0,0,0,0,0,0,0,0,0,0,0,0
4105105,0,0,0,422,0,587,1157,661,0,0,0,0,0,1482,0,926,0,0,0,0,0,0,0,0
4105746,0,0,0,1378,0,0,0,0,0,0,0,0,0,60304,0,18448,0,0,0,0,0,0,0,0
4107137,0,226,0,0,3090,0,2466,868,0,0,0,786,0,1754,1048,0,0,0,0,0,0,0,0,5407
4108101,526,0,244,0,1148,0,1715,183,0,0,0,0,0,0,0,0,0,0,0,0,0,0,0,710
4108992,1559,408,861,0,1180,0,2080,4227,0,0,0,0,0,0,0,0,0,0,0,0,203,0,0,0
4110378,741,283,0,0,1555,0,307,4104,0,0,0,0,0,0,0,0,86,0,0,0,175,0,0,0
4111326,652,0,0,0,3409,0,571,458,0,0,0,0,0,0,0,0,0,0,0,0,0,0,0,100
4111337,804,553,0,0,18820,0,0,3696,0,0,0,904,0,0,0,0,0,0,0,0,0,0,0,0
4112447,769,262,516,0,0,0,2639,2252,0,0,0,0,0,0,0,0,0,0,0,80,0,311,0,267
4112512,325,43,57,0,1877,0,0,447,0,0,0,0,0,96,0,0,0,0,0,0,0,0,0,0
4113191,691,0,513,12,0,0,0,6784,0,0,0,0,0,0,0,0,0,0,0,0,0,0,0,88
4113825,561,143,0,0,361,0,993,1086,0,0,0,0,0,0,533,0,0,0,0,0,54,0,0,0
4115001,671,464,1615,0,0,0,421,2662,0,0,0,0,0,2345,353,0,0,0,0,0,0,0,0,1253
4116738,293,851,3370,0,0,0,620,2961,105,0,1000,671,0,1414,0,0,0,0,0,0,0,0,0,0
4119027,0,0,0,1978,0,0,0,0,0,0,0,13,0,11531,0,0,0,0,0,0,0,0,0,0
4119279,0,0,0,26,0,0,3515,2384,0,0,0,267,0,4202,0,2506,0,0,0,0,0,0,0,0
4120157,1579,992,0,0,0,0,516,16450,0,0,0,0,45,0,0,0,0,0,0,0,0,0,0,42
4120193,1275,1719,0,0,13277,0,1625,6057,0,0,0,1668,0,0,0,0,0,0,0,0,0,0,0,0
4120403,841,222,0,0,3112,0,241,1554,0,0,0,0,0,181,0,0,0,0,0,0,0,0,0,0
4121361,787,323,171,0,3904,0,0,3641,0,0,0,0,0,0,0,0,0,0,0,0,336,0,0,0
4124188,0,0,0,11209,0,0,0,0,0,0,0,0,0,14960,0,12091,0,0,0,0,0,0,707,0
4124542,791,98,373,0,0,0,0,5012,0,0,0,0,0,0,0,0,0,0,0,0,20,0,0,0
4125240,517,132,0,0,880,0,292,42,0,0,0,0,0,331,0,100,0,0,0,0,0,0,0,54
4127766,568,0,18,106,144,0,0,606,115,50,0,0,0,535,0,0,0,0,0,0,0,0,0,0
4128477,765,303,2053,0,0,0,0,5333,0,0,0,0,0,0,0,0,117,0,0,0,164,0,0,0
4128852,0,0,0,3144,0,0,0,0,0,0,0,0,0,8522,0,3866,0,0,0,0,0,0,0,0
4130003,199,62,0,511,0,0,943,1265,0,0,0,0,0,1825,0,864,0,0,0,0,0,0,0,0
4131095,0,153,1014,0,0,0,0,9887,0,0,0,0,0,0,0,0,0,0,0,0,0,0,0,0
4131257,826,596,0,521,0,0,590,10902,0,0,0,1263,0,2849,0,0,0,0,0,0,0,0,0,0
4133263,566,320,546,0,259,0,1385,2493,85,0,0,0,0,14,569,0,0,0,0,0,0,0,0,0
4133511,455,135,0,0,1782,0,586,690,0,0,0,0,0,491,0,187,0,0,0,0,0,0,0,0
4134005,1630,320,1141,0,13,0,1725,5069,0,0,0,0,0,200,0,0,427,0,0,0,0,0,0,0
4134434,1170,790,443,0,7400,0,2585,4251,0,0,0,260,0,0,0,0,0,0,0,0,0,0,0,0
4135099,454,429,2192,0,0,962,0,6773,265,0,0,0,0,0,0,0,0,0,0,0,0,0,0,0
4135350,0,0,0,0,0,0,0,14488,0,0,0,0,0,0,0,0,0,0,0,0,0,0,0,0
4136702,1705,175,515,0,0,0,934,5856,0,0,0,0,0,647,538,0,0,0,0,0,0,0,0,0
4138527,0,0,0,8972,0,0,0,0,0,0,0,0,0,22746,0,12394,0,0,0,0,0,0,0,0
4138885,355,157,0,0,1927,0,258,449,0,0,0,0,0,0,0,0,0,0,0,0,0,0,0,0
4139696,1719,605,0,600,0,0,1910,2000,0,0,0,0,0,1699,0,0,0,0,0,0,0,0,0,0
4142267,225,0,0,340,0,103,341,88,0,0,0,0,0,505,0,435,0,0,0,0,0,0,0,0
4142605,788,0,1941,0,0,0,308,9034,0,0,0,0,0,0,0,0,169,0,0,0,0,0,0,0
4144633,809,141,0,0,1487,0,0,1103,0,0,0,0,0,0,250,0,0,0,0,0,0,0,0,0
4144951,0,0,0,4427,0,0,0,3531,0,0,0,0,0,7146,0,4535,0,0,0,0,0,0,0,0
4145056,665,0,0,0,1603,0,1021,1437,0,0,0,0,0,0,0,0,0,0,0,0,557,180,0,788
4145177,0,304,0,0,0,0,98,28456,0,0,0,0,0,40,0,0,0,0,0,0,8,0,0,0
4145528,0,11708,15296,0,0,0,0,40706,2121,0,3951,15223,0,15771,0,0,1183,0,0,0,0,0,550,0
4146289,375,117,0,0,1928,0,0,968,0,0,0,0,0,0,0,0,0,0,0,0,0,0,0,0
4147081,0,0,0,6970,0,0,0,0,0,0,0,0,0,37048,0,1138,0,0,0,0,0,0,0,0
4147968,0,0,0,4884,0,0,0,0,0,0,0,0,0,9105,0,7331,0,0,0,0,0,0,0,0
4149246,357,0,109,0,371,0,835,626,0,0,0,0,0,0,0,0,0,0,0,0,0,0,0,585
4150895,0,1892,0,0,7951,0,2157,8002,0,0,0,1190,0,1435,0,0,0,0,0,0,0,0,0,548
4157186,694,0,0,0,102,0,334,4028,0,0,0,0,0,0,219,0,0,0,0,0,124,0,0,159
4159170,666,0,0,0,670,0,1149,925,0,0,0,0,0,92,0,0,0,0,0,0,0,0,0,376
4159421,0,1036,4033,0,0,0,0,4157,0,0,190,772,0,206,684,0,0,0,0,0,0,0,0,2254
4160100,1702,351,228,0,2438,0,1043,2275,0,0,0,130,0,116,551,0,0,0,0,0,0,0,0,0
4160468,868,0,0,0,1169,0,1309,1479,0,0,0,0,0,0,0,0,0,0,0,0,0,0,0,449
4161781,1813,1514,0,0,5908,0,0,17857,0,0,0,0,0,0,0,0,0,0,0,0,0,0,0,0
4163639,0,9527,3802,0,0,0,0,11794,3039,0,0,0,0,0,0,0,0,0,0,0,0,0,2893,0
4165379,284,0,295,0,0,0,0,2618,0,0,0,0,0,0,0,0,0,0,0,0,34,0,0,83
4166151,1698,418,863,0,0,0,1236,7744,0,0,0,0,9,0,0,0,151,0,0,0,244,0,0,0
4166503,527,68,0,0,2018,0,406,716,0,0,95,0,0,0,0,0,0,0,0,0,0,0,0,0
4166706,0,345,0,0,0,2997,3120,10447,0,0,0,0,0,671,0,0,0,0,0,0,0,0,0,0
4170686,338,195,0,0,645,0,0,2225,0,0,0,0,7,0,302,0,59,0,0,0,74,0,0,0
4172511,226,44,0,7,0,0,842,807,0,0,0,0,0,541,470,0,43,0,0,0,0,0,0,0
4174905,477,86,0,4,0,0,2911,451,0,0,0,0,0,407,76,384,0,0,0,0,0,0,0,0
4175837,895,102,261,0,0,0,0,4511,0,0,0,0,4,0,119,0,0,0,0,0,159,0,0,262
4176133,899,531,0,0,2736,0,1303,421,0,0,0,0,0,2323,340,0,0,0,0,0,0,0,0,0
4177376,957,295,608,0,1603,0,3594,960,0,0,0,0,0,0,465,0,0,0,0,0,0,0,0,0
4177434,434,118,0,0,1440,0,0,101,0,0,0,0,0,0,0,0,0,0,0,0,0,0,0,0
4177601,305,120,0,0,1490,0,282,678,0,0,0,0,10,0,0,0,0,0,0,0,0,0,0,49
4177810,236,68,0,144,0,504,1836,1256,0,0,0,0,0,820,0,0,51,0,0,0,0,0,0,0
4177856,441,264,314,321,0,0,785,1830,0,58,0,0,0,1139,0,2626,0,0,0,0,0,0,0,95
4177987,522,0,206,0,0,0,1019,1096,0,0,0,0,0,235,330,0,0,0,0,0,0,0,0,91
4178310,274,31,0,0,1021,0,0,208,0,0,0,0,0,217,0,0,0,0,0,0,0,0,0,0
4178345,464,0,18,0,30,0,374,168,0,149,0,0,0,276,0,159,0,0,0,0,0,0,0,0
4178655,828,700,281,0,3918,0,3904,1908,0,0,0,0,0,0,0,0,0,0,0,0,0,0,0,379
4181460,1411,0,0,0,6392,0,510,1944,0,0,0,462,0,225,1580,0,0,0,0,0,0,0,0,2349
4182393,297,205,0,154,0,0,935,82,91,0,0,0,0,1757,0,195,0,0,0,0,0,0,0,0
4184094,1129,120,182,0,246,0,0,5662,0,0,0,0,0,0,0,0,107,0,0,0,140,0,0,324
4188398,2016,297,0,0,6887,0,7379,1413,0,0,0,0,0,0,0,0,0,0,0,0,0,0,0,0
4188879,568,0,0,0,1516,0,527,50,0,0,0,0,0,0,0,0,0,0,0,0,0,0,0,449
4188900,1069,0,23,0,734,0,2297,1967,0,0,0,0,0,0,0,0,0,0,0,0,0,0,0,657
4189035,2196,503,568,0,1135,0,2791,3566,0,0,0,233,0,535,515,0,0,0,0,0,0,0,0,554
4189200,780,217,0,0,952,0,584,1071,0,0,0,0,0,0,0,0,0,0,0,0,0,0,0,0
4189998,408,52,0,0,1542,0,105,1379,0,0,0,76,0,208,0,0,0,0,0,0,0,0,0,0
4190495,107,357,706,55,1423,764,2080,540,0,71,0,0,0,1803,0,543,0,0,0,0,0,0,0,0
4190784,378,67,0,0,611,0,258,415,0,0,0,0,0,0,0,0,0,0,0,0,0,0,0,0
4191799,1160,717,0,0,345,0,416,1633,0,0,0,0,0,1296,257,0,0,0,0,0,0,0,0,725
4193278,281,0,154,0,0,138,42,502,0,0,0,0,163,0,147,0,116,0,0,0,0,0,0,0
4193638,2500,518,0,0,3345,0,1290,5120,0,0,0,431,0,271,0,0,0,0,0,0,0,0,0,0
4194218,255,0,0,0,681,97,220,343,0,0,0,0,0,277,0,0,0,0,0,0,0,0,0,297
4194891,814,0,0,0,308,0,342,223,0,0,0,0,0,307,0,0,0,0,0,0,0,0,0,0
4196670,450,0,0,0,854,0,457,33,0,0,0,0,0,200,137,0,0,0,0,0,0,0,84,33
4198542,338,0,0,0,0,0,0,5768,0,0,0,0,0,0,0,0,0,0,0,0,0,0,0,9
4199714,0,0,71,0,0,0,0,9487,0,0,0,0,0,0,0,0,386,0,0,0,0,0,10220,0
4199996,0,0,0,17741,0,0,0,0,0,0,0,0,0,94967,0,35806,0,0,0,0,0,0,0,0
8041,2071,1660,390,0,7382,0,1724,2845,0,0,0,0,0,0,0,0,0,0,0,0,0,0,0,1484
8042,0,0,4338,0,0,1552,0,4609,0,0,774,0,0,0,884,0,368,0,0,0,0,0,0,861
8043,1186,159,0,0,5584,0,855,549,0,0,0,150,0,0,0,0,0,0,0,0,0,0,0,0
8046,642,87,0,0,2689,0,0,2642,0,0,0,65,0,0,0,0,0,0,0,0,0,0,0,0
8047,1871,650,0,0,3056,0,0,3530,0,0,0,129,0,0,0,0,0,0,0,0,0,0,0,1204
8061,0,0,0,0,166,0,0,14772,0,0,0,0,0,0,0,0,0,0,0,0,0,0,0,772
8062,982,0,343,0,4223,0,0,7770,0,0,869,0,0,0,0,0,0,0,0,0,0,0,0,0
CA-0209,820,143,2442,0,0,0,3933,1954,0,0,0,0,0,0,736,0,544,0,0,0,1783,233,0,0
