del_burden,dup_burden,inv_burden,tra_burden,fbi_burden,qrp_burden,tic_burden,pyrgo_burden,bfb_burden,dm_burden,chromoplexy_burden,chromothripsis_burden,invdup_burden,tyfonas_burden,rigma_burden,unclassified_burden
25,17,2,0,17,0,4,0,14,0,0,0,2,0,3,46
0,6,2,1,0,0,0,0,0,10,3,0,0,0,0,3
4,6,0,0,5,0,0,0,0,2,6,17,0,0,0,23
0,0,0,0,0,0,0,0,0,1,0,0,0,0,0,1
10,9,2,0,0,0,0,0,0,3,7,0,0,0,0,15
4,4,0,0,1,0,0,0,0,8,0,9,0,0,0,53
1,0,0,0,1,0,0,0,0,0,0,0,0,0,0,14
3,9,0,0,5,0,0,2,0,0,5,47,0,0,0,39
4,2,0,0,0,0,0,0,0,9,0,0,2,0,0,12
6,2,2,0,5,0,0,0,0,0,53,99,0,0,0,29
4,0,0,0,0,0,2,0,0,11,3,0,0,0,0,30
4,0,2,0,7,0,0,0,13,8,0,38,0,0,0,15
2,9,4,0,5,4,4,0,0,33,3,0,0,0,0,23
0,0,0,0,0,0,2,0,0,16,4,54,0,0,0,30
0,0,0,0,2,0,0,0,0,0,3,0,0,0,2,49
23,16,0,3,3,0,0,0,0,6,0,12,0,0,0,15
13,22,0,0,12,0,0,0,0,22,0,0,0,0,7,37
0,0,0,0,4,0,0,0,0,0,0,0,0,0,0,4
17,24,0,0,19,0,2,2,27,0,0,0,0,0,11,58
24,9,0,0,13,0,4,0,91,0,5,0,0,0,12,64
24,9,4,1,7,0,2,0,0,0,0,0,0,0,6,51
6,4,0,0,2,0,4,0,0,0,0,0,0,0,0,24
8,0,0,2,9,0,0,0,14,0,0,0,0,0,0,11
28,4,2,0,14,0,0,0,19,51,3,0,0,0,0,54
11,5,0,0,0,0,2,0,0,0,0,0,0,0,2,8
0,0,0,0,0,0,0,0,0,0,0,14,0,0,0,26
6,13,0,0,3,0,2,0,0,4,0,0,0,0,3,37
3,0,0,2,0,0,0,0,0,0,0,0,0,0,0,0
14,23,0,0,17,0,2,0,16,4,3,15,0,0,0,63
22,37,0,1,1,4,13,0,0,0,3,0,0,0,0,23
5,21,0,1,5,0,2,4,0,0,0,0,0,0,0,70
4,10,2,0,5,0,6,0,0,11,7,19,2,0,0,34
5,0,2,0,4,0,0,0,0,3,0,0,0,0,0,38
21,50,0,0,8,0,2,9,0,0,2,0,2,0,0,81
25,22,0,0,15,0,2,0,22,0,0,0,0,0,0,67
4,2,2,0,3,0,0,0,0,3,0,0,0,0,2,18
0,0,0,0,0,0,0,0,0,0,0,0,0,0,0,1
41,22,0,0,3,0,7,0,0,0,0,0,0,0,0,30
46,19,4,1,9,12,20,0,0,0,8,18,0,0,0,32
8,13,0,0,16,0,2,0,13,3,0,0,0,0,0,39
10,49,0,1,0,0,2,0,0,0,3,0,0,0,0,38
17,102,2,1,5,20,30,0,0,0,6,0,2,0,0,74
58,8,6,2,14,0,0,0,0,18,0,0,0,0,2,110
22,14,0,0,13,0,4,0,1,2,0,0,0,0,11,70
8,15,0,0,0,2,4,0,0,0,0,0,0,0,0,23
8,16,0,0,12,0,0,2,8,0,0,0,0,0,0,27
22,6,2,0,4,0,2,0,0,0,0,0,0,0,2,30
66,29,2,0,15,0,0,2,0,15,0,0,0,0,9,52
36,32,2,0,16,2,4,0,6,1,0,15,2,0,9,46
5,1,0,0,1,0,0,0,0,0,0,0,0,0,0,28
1,17,0,0,8,0,0,6,46,0,0,0,4,0,0,37
23,12,0,0,7,0,0,0,0,0,0,0,2,30,6,44
32,9,0,0,12,0,4,0,21,0,0,0,0,0,2,41
14,16,0,1,10,0,2,0,19,0,0,0,0,0,5,37
36,14,0,0,8,0,0,0,0,30,4,0,0,0,17,93
14,12,0,1,3,0,0,0,0,0,0,0,2,0,0,18
21,14,2,0,27,2,4,0,0,53,3,18,0,0,4,78
4,0,2,0,3,0,2,0,0,0,0,0,0,0,0,3
8,1,2,0,2,0,0,0,0,0,0,0,0,0,0,2
9,2,2,0,2,4,4,0,0,0,0,0,0,0,0,1
3,1,2,0,3,2,4,0,0,0,0,0,0,0,0,5
48,8,2,0,16,2,8,0,11,13,0,0,0,0,2,66
0,1,0,1,0,0,0,0,0,0,0,0,0,0,0,20
2,0,0,0,0,0,0,0,0,0,0,0,0,0,0,9
6,3,0,0,0,2,0,0,0,0,0,0,0,0,0,6
3,0,0,0,0,0,0,0,0,0,0,0,0,0,0,6
3,0,0,0,0,0,0,0,0,0,0,0,0,0,0,9
4,10,2,1,2,0,0,0,0,1,0,0,0,0,0,37
5,5,0,1,3,0,0,0,0,0,0,0,0,0,0,5
1,0,0,0,0,0,0,0,0,0,0,0,0,0,0,0
19,7,0,1,4,0,4,0,0,0,5,0,0,0,0,13
27,7,0,0,6,0,4,0,0,0,2,0,0,0,8,110
0,0,0,0,0,2,0,0,0,0,0,0,0,0,2,0
28,53,2,0,4,14,14,6,0,0,2,0,0,0,0,48
83,0,6,0,20,8,16,0,0,0,5,0,0,0,0,93
27,89,0,0,4,12,37,4,0,0,7,19,0,0,0,103
44,129,2,0,26,12,35,0,0,0,24,0,0,0,0,324
5,2,0,0,4,0,0,0,6,0,0,0,0,0,0,11
5,3,0,0,1,0,0,0,0,0,0,0,0,0,8,5
6,4,0,0,1,0,0,0,0,0,0,0,0,0,8,8
3,5,2,0,2,0,0,0,0,0,0,0,0,0,10,6
5,3,0,1,1,0,0,0,0,0,0,0,0,0,9,13
4,4,0,0,1,0,0,0,0,0,0,0,0,0,8,6
2,5,0,0,1,0,0,0,0,0,0,0,0,0,8,9
4,0,0,0,0,0,0,0,0,0,0,0,0,0,0,3
3,2,0,0,0,0,0,0,0,0,0,0,0,0,0,2
4,3,0,0,0,0,0,0,0,0,0,0,0,0,0,0
3,2,0,0,0,0,0,0,0,0,0,0,0,0,0,0
4,3,0,0,18,0,0,0,0,0,0,0,0,102,0,43
44,10,2,0,5,0,8,0,0,0,0,10,0,0,0,43
77,13,8,0,19,2,2,0,0,0,6,0,0,0,2,102
6,6,0,1,4,0,0,0,3,0,0,11,0,0,0,32
75,6,2,0,5,10,3,0,0,0,0,0,0,0,0,20
11,6,0,1,7,0,4,0,34,2,0,0,0,0,0,22
11,1,0,0,1,0,0,0,0,0,4,0,0,0,0,13
15,11,0,1,25,0,0,0,26,1,0,0,0,0,6,24
0,0,0,0,0,0,0,0,0,0,0,0,0,0,0,0
3,12,0,0,1,0,2,0,0,28,28,95,0,0,2,39
14,6,0,2,8,0,0,0,0,0,0,0,0,0,0,19
12,1,2,3,12,0,0,0,0,0,0,0,0,0,0,14
96,7,4,0,22,0,4,2,0,104,0,0,0,0,8,147
1,0,0,0,1,0,0,0,0,32,2,0,0,0,0,14
3,0,0,0,0,0,0,0,0,0,0,0,0,0,0,1
2,2,0,0,6,0,0,0,0,4,24,75,0,0,0,45
1,0,0,0,0,0,2,0,0,0,0,0,0,0,0,6
4,262,0,0,11,0,2,79,0,0,0,0,0,0,0,220
1,1,0,0,2,0,2,0,0,0,0,0,0,0,0,10
36,57,0,0,15,0,10,22,0,0,6,0,0,0,5,144
17,10,0,0,9,2,2,4,0,0,0,0,0,0,0,39
20,6,0,1,13,0,0,0,0,0,0,0,2,0,0,57
3,1,0,0,2,2,0,0,0,6,0,0,0,0,0,22
66,2,0,0,6,0,7,0,0,0,0,0,0,0,0,66
20,19,2,0,10,0,2,0,0,60,0,0,0,0,0,45
20,25,0,0,7,0,0,0,0,0,0,0,2,0,0,10
5,41,2,0,21,0,0,2,1,3,2,24,2,0,0,78
41,138,0,0,9,8,21,5,0,0,7,0,0,0,0,176
20,8,0,0,23,0,2,0,0,0,0,0,2,91,0,51
4,11,0,0,11,0,0,0,0,0,7,36,0,0,0,21
36,44,2,0,14,2,4,0,0,0,3,0,0,0,0,82
11,0,6,0,19,0,4,0,55,0,8,13,0,0,0,87
24,67,0,0,3,0,6,0,0,0,3,0,0,0,0,70
38,84,0,0,49,0,5,30,61,26,0,0,4,0,19,194
4,9,0,1,13,0,2,0,0,28,0,0,0,0,0,47
4,6,0,0,6,0,2,0,0,1,0,0,0,0,0,18
8,2,0,0,3,0,0,0,0,0,0,0,0,0,0,2
1,0,0,0,2,0,0,0,0,0,0,0,0,0,3,2
4,3,0,0,1,0,0,0,0,0,0,0,0,0,0,8
6,4,2,0,1,0,0,0,0,0,0,0,0,0,0,12
25,92,2,0,6,18,24,3,0,0,0,0,0,0,0,79
12,0,0,1,11,0,6,0,0,35,7,0,0,0,6,32
20,31,0,1,8,0,0,0,0,0,4,0,0,0,3,37
18,15,2,1,8,4,7,0,0,0,3,0,0,0,0,61
16,6,0,0,12,0,4,0,9,0,0,0,0,0,0,35
23,22,0,1,9,2,2,0,0,0,0,0,0,0,3,45
27,59,0,0,6,6,15,0,0,0,20,0,0,0,0,90
42,5,0,0,6,0,2,0,0,41,0,0,0,0,0,33
23,17,0,0,17,2,4,0,6,0,0,0,0,0,0,109
19,166,0,0,3,16,46,0,0,0,5,0,2,0,0,71
12,4,2,1,26,0,4,0,31,0,0,0,0,0,0,31
9,3,0,0,2,2,0,0,0,0,0,0,0,0,0,23
8,2,0,0,1,0,0,0,0,0,0,0,0,0,8,16
0,0,0,0,1,0,0,0,0,0,0,0,0,0,0,1
7,5,0,0,1,0,4,0,0,0,0,0,0,0,4,10
34,9,2,0,23,0,2,0,15,0,0,0,0,0,4,46
3,3,0,0,0,0,0,0,0,0,11,0,0,0,5,19
7,7,0,0,0,0,0,0,0,0,7,0,0,0,6,22
3,3,0,0,1,0,0,0,0,0,12,0,0,0,6,25
4,3,0,0,0,0,0,0,0,0,11,0,0,0,2,23
0,2,2,0,0,0,0,0,0,0,0,0,0,0,0,6
4,0,2,0,0,0,0,0,0,0,0,0,0,0,0,2
4,2,2,0,0,0,0,0,0,0,0,0,0,0,0,2
2,0,0,0,0,0,0,0,0,0,0,0,0,0,0,2
16,18,0,0,15,4,12,2,4,0,13,0,0,0,3,67
2,3,0,1,2,0,0,0,0,12,0,0,0,0,0,22
6,3,0,0,0,0,0,0,0,0,0,0,0,0,5,2
6,3,0,0,0,0,0,0,0,0,0,0,0,0,5,2
6,3,0,0,0,0,0,0,0,0,0,0,0,0,5,2
7,1,0,0,0,0,0,0,0,0,0,0,0,0,5,4
6,4,0,0,0,0,0,0,0,0,0,0,0,0,5,2
4,1,0,0,0,0,0,0,0,0,0,0,0,0,7,4
9,12,0,1,28,0,2,0,48,8,2,20,0,0,12,47
1,0,0,1,9,0,0,0,0,0,5,0,2,56,0,87
10,6,2,0,14,0,0,0,31,0,0,11,0,0,3,29
22,4,2,0,35,0,2,0,60,6,0,0,2,0,11,53
31,22,0,1,32,0,0,0,16,9,6,0,0,0,23,64
180,10,24,0,98,0,8,0,6,0,16,0,2,0,6,97
20,32,0,0,20,2,0,0,26,0,8,0,0,0,0,42
6,175,2,0,9,0,0,20,0,5,2,0,2,0,0,167
86,3,4,0,4,16,6,0,0,0,0,0,0,0,0,38
21,28,0,1,4,6,10,2,0,0,0,0,0,0,0,46
110,8,8,0,20,2,2,0,0,0,0,0,0,0,0,67
12,207,0,0,55,0,4,68,0,0,44,0,12,0,2,581
0,1,0,0,3,0,0,0,0,0,0,0,0,0,0,2
13,5,0,0,5,0,2,2,8,0,0,32,0,0,0,12
3,1,0,0,0,0,0,0,0,0,0,0,0,0,8,1
3,1,0,0,0,0,0,0,0,0,0,0,0,0,8,1
4,1,0,0,0,0,0,0,0,0,0,0,0,0,7,4
1,1,0,0,0,0,0,0,0,0,0,0,0,0,7,4
63,56,2,0,10,10,19,3,0,0,11,0,2,0,0,73
68,6,6,0,20,0,2,0,26,0,0,0,0,0,11,62
75,0,0,0,6,10,5,0,0,0,6,0,2,0,0,43
7,0,2,0,1,2,0,0,0,0,0,0,0,0,0,6
18,13,0,0,21,0,0,0,42,26,0,0,0,0,0,107
0,0,0,0,1,0,2,0,0,38,0,0,0,0,0,5
28,15,0,0,18,2,3,0,26,0,0,0,0,0,5,31
14,37,0,0,9,0,0,2,0,1,0,0,0,0,2,82
6,2,2,0,4,0,0,0,0,2,0,54,0,0,0,26
2,1,2,0,3,0,2,0,0,11,4,0,0,0,0,14
4,16,0,0,3,0,0,0,0,9,2,0,0,0,0,33
8,5,0,1,9,0,0,0,17,3,0,0,0,0,7,13
9,9,6,0,67,0,0,0,47,8,0,0,8,0,8,24
2,1,0,1,5,0,0,0,0,56,11,0,0,0,0,17
9,11,0,1,6,0,0,0,0,0,0,0,0,0,0,29
26,8,0,0,29,0,4,0,55,0,0,45,0,0,0,52
8,2,0,3,7,0,2,0,3,0,0,0,0,0,0,9
6,5,2,0,16,0,4,0,18,0,0,0,0,0,3,24
1,2,0,0,4,0,2,0,0,105,0,0,0,0,0,13
6,3,0,3,0,0,0,0,0,0,0,0,0,0,0,15
85,54,10,0,30,0,2,0,0,0,0,0,6,0,38,97
6,0,0,1,0,0,0,0,0,0,0,0,0,0,0,8
0,11,0,2,3,0,4,0,9,10,0,0,0,0,0,26
6,1,0,0,0,0,0,0,0,0,0,0,0,0,0,8
20,7,2,0,27,0,4,2,21,13,0,0,0,0,5,112
5,2,0,0,0,2,2,0,0,0,0,0,0,0,0,7
3,3,0,0,0,0,0,0,0,0,0,0,0,0,0,10
0,0,0,1,0,0,0,0,0,0,0,0,0,0,0,3
3,0,0,0,0,0,2,0,0,0,0,0,0,0,0,1
0,1,0,0,0,0,0,0,0,0,0,0,0,0,0,1
5,1,0,1,2,0,2,0,0,0,7,0,0,0,0,65
3,0,0,0,1,0,0,0,0,0,0,0,0,0,0,1
30,4,0,0,7,2,4,0,0,0,5,0,0,0,3,26
24,3,0,0,0,2,0,0,0,0,0,0,0,0,21,28
1,0,0,0,1,0,0,0,0,0,0,0,0,0,0,7
7,2,2,0,7,0,0,0,0,0,7,0,0,0,0,31
0,2,0,0,0,0,0,0,0,0,0,0,0,0,0,0
9,10,0,3,1,0,0,0,0,0,0,0,0,0,0,11
38,10,0,1,14,0,4,0,0,0,0,0,0,0,0,35
5,4,0,0,25,0,2,0,24,0,0,22,0,0,2,37
31,7,0,0,39,0,2,0,57,0,4,0,0,0,9,70
12,11,0,0,11,0,2,0,3,29,0,0,0,0,0,27
15,5,2,1,15,0,2,0,22,2,4,0,0,0,0,29
11,16,0,0,13,0,2,0,0,0,0,0,0,0,0,37
5,16,0,0,13,6,4,0,0,0,0,0,0,0,0,30
27,6,2,1,8,0,0,0,0,4,0,0,0,0,2,28
11,1,0,0,10,0,0,0,0,0,0,0,0,0,0,32
17,3,0,0,40,0,4,0,89,0,32,0,0,0,2,54
7,12,0,0,20,2,2,2,45,15,0,0,2,0,0,36
12,26,0,1,37,0,5,0,57,0,16,65,0,0,0,134
6,5,0,0,3,0,0,0,0,0,0,0,0,0,0,39
16,22,0,0,29,0,6,2,27,0,3,0,2,0,0,86
172,113,4,0,56,0,6,2,0,38,2,0,16,0,0,221
12,6,0,1,19,0,0,0,16,0,0,19,0,0,0,53
56,25,0,0,7,0,0,0,0,0,0,0,0,0,0,37
0,0,0,0,0,0,0,0,0,0,0,0,0,0,0,1
15,7,2,0,8,2,8,0,0,0,0,0,0,0,5,25
13,4,2,0,10,0,2,0,0,15,0,0,0,0,0,32
7,5,2,0,0,2,2,0,0,0,0,0,0,0,3,7
51,19,2,0,29,6,16,0,5,7,3,18,0,0,0,100
16,11,0,1,22,0,8,4,0,0,3,0,0,0,0,49
27,5,0,0,17,2,6,0,40,0,5,38,0,0,15,52
6,4,0,0,0,2,2,0,0,0,0,0,0,0,2,1
6,2,0,0,0,0,0,0,0,0,0,0,0,0,0,5
4,4,0,0,0,4,4,0,0,0,0,0,0,0,2,3
6,2,0,0,0,2,2,0,0,0,0,0,0,0,0,3
0,0,0,0,0,2,0,0,0,0,0,0,0,0,0,0
0,0,0,0,0,0,0,0,0,0,0,0,0,0,0,0
0,0,0,0,0,0,0,0,0,0,0,0,0,0,0,0
42,45,0,0,15,0,0,4,24,38,0,0,2,0,14,92
11,1,2,0,14,0,2,0,0,0,0,18,0,0,3,29
5,2,0,1,0,2,2,0,0,0,0,0,0,0,3,6
11,6,0,1,10,0,4,2,9,0,0,0,0,0,3,72
13,4,2,0,13,0,3,0,14,0,0,0,0,0,3,27
0,0,0,0,0,0,0,0,0,0,0,0,0,0,0,0
0,0,0,0,0,0,0,0,0,0,0,0,0,0,0,0
0,0,0,0,0,0,0,0,0,0,0,0,0,0,0,0
1,0,0,0,0,0,0,0,0,0,0,0,0,0,0,0
0,0,0,0,0,0,0,0,0,0,0,0,0,0,0,0
0,0,0,0,0,0,0,0,0,0,0,0,0,0,0,1
0,0,0,0,0,0,0,0,0,0,0,0,0,0,0,0
0,0,0,0,0,0,0,0,0,0,0,0,0,0,0,0
0,0,0,0,0,0,0,0,0,0,0,0,0,0,0,0
0,0,0,0,0,0,0,0,0,0,0,0,0,0,0,1
0,0,0,0,0,0,0,0,0,0,0,0,0,0,0,0
0,0,0,0,0,0,0,0,0,0,0,0,0,0,0,0
0,0,0,0,0,0,0,0,0,0,0,0,0,0,0,0
0,0,0,0,0,0,0,0,0,0,0,0,0,0,0,0
0,0,0,0,0,0,0,0,0,0,0,0,0,0,0,0
0,0,0,0,0,0,0,0,0,0,0,0,0,0,0,0
0,0,0,0,0,0,0,0,0,0,0,0,0,0,0,0
0,0,0,0,0,0,0,0,0,0,0,0,0,0,0,0
0,0,0,0,0,0,0,0,0,0,0,0,0,0,0,0
0,0,0,0,0,0,0,0,0,0,0,0,0,0,0,0
17,2,0,1,17,0,2,0,10,2,0,0,0,0,0,30
0,0,0,0,0,0,0,0,0,0,0,0,0,0,0,0
0,0,0,0,0,0,0,0,0,0,0,0,0,0,0,0
0,0,0,0,0,0,0,0,0,0,0,0,0,0,0,0
0,0,0,0,0,0,0,0,0,0,0,0,0,0,0,0
0,0,0,0,0,0,0,0,0,0,0,0,0,0,0,0
0,0,0,0,0,0,0,0,0,0,0,0,0,0,0,0
0,0,0,0,0,0,0,0,0,0,0,0,0,0,0,0
0,0,0,0,0,0,0,0,0,0,0,0,0,0,0,0
0,0,0,0,0,0,0,0,0,0,0,0,0,0,0,0
0,0,0,0,0,0,0,0,0,0,0,0,0,0,0,1
0,0,0,0,0,0,0,0,0,0,0,0,0,0,0,0
0,0,0,0,0,0,0,0,0,0,0,0,0,0,0,0
0,0,0,0,0,0,0,0,0,0,0,0,0,0,0,0
0,0,0,0,0,0,0,0,0,0,0,0,0,0,0,0
0,0,0,0,0,0,0,0,0,0,0,0,0,0,0,0
0,0,0,0,0,0,0,0,0,0,0,0,0,0,0,0
0,0,0,0,0,2,2,0,0,0,0,0,0,0,0,0
6,3,2,0,34,0,0,0,17,0,3,0,0,0,4,84
17,27,0,0,12,0,0,0,0,0,0,0,0,0,0,31
15,12,0,1,13,0,0,0,7,0,0,0,0,0,3,16
42,12,6,0,2,6,0,0,0,0,0,0,0,0,0,27
18,12,2,0,41,0,3,0,63,0,0,11,0,0,21,64
60,31,4,0,13,2,4,0,15,2,0,0,0,0,0,82
60,19,6,0,41,2,4,2,22,0,13,0,0,65,23,106
23,77,2,0,35,0,2,14,8,4,0,0,6,0,11,160
19,17,0,0,7,0,0,0,0,0,3,0,0,0,0,37
4,3,0,0,15,0,0,0,17,1,0,0,0,0,0,4
0,0,0,0,0,0,0,0,0,0,0,0,0,0,0,0
0,0,0,0,0,0,0,0,0,0,0,0,0,0,0,0
0,0,0,0,0,0,0,0,0,0,0,0,0,0,0,0
0,0,0,0,0,2,0,0,0,0,0,0,0,0,0,0
0,0,0,0,0,0,0,0,0,0,0,0,0,0,0,1
0,0,0,0,0,0,0,0,0,0,0,0,0,0,0,0
0,0,0,0,0,0,0,0,0,0,0,0,0,0,0,0
0,0,0,0,0,0,0,0,0,0,0,0,0,0,0,2
0,0,0,0,0,0,0,0,0,0,0,0,0,0,0,0
0,0,0,0,0,0,0,0,0,0,0,0,0,0,0,0
17,6,0,0,6,0,0,2,0,0,0,0,4,0,5,44
13,3,2,0,13,0,0,0,15,39,0,0,2,0,10,13
15,3,0,0,2,0,0,0,0,0,0,0,2,0,7,23
14,6,2,1,7,0,0,4,0,0,0,0,4,0,12,11
5,5,0,0,13,0,2,0,0,0,5,0,0,0,7,61
21,8,0,0,28,0,0,0,12,0,0,0,0,0,14,46
54,20,0,0,7,2,8,0,0,0,0,0,0,0,0,23
18,38,0,0,10,0,2,4,10,3,0,0,0,0,5,60
33,63,2,1,12,0,2,6,10,0,0,0,0,0,14,146
6,3,2,0,0,0,0,0,0,0,0,0,0,0,10,5
8,0,2,0,4,4,4,0,0,0,0,0,2,0,4,5
4,4,0,0,2,0,0,0,0,0,0,0,2,0,4,8
3,0,0,0,2,0,0,0,0,0,0,0,2,0,4,6
37,49,0,0,15,0,4,3,0,16,10,0,0,0,10,119
0,7,0,0,1,0,0,0,0,0,0,0,0,0,0,6
12,4,0,0,2,4,4,0,0,0,3,9,0,0,0,13
0,0,0,0,0,0,0,0,0,0,0,0,0,0,0,0
36,25,0,0,28,2,2,0,53,0,6,0,0,0,6,48
0,1,0,0,3,0,0,0,0,0,0,0,0,0,0,41
2,0,0,0,0,0,0,0,0,0,0,0,0,0,0,5
0,0,0,0,0,0,0,0,0,0,0,0,0,0,0,2
2,0,0,0,0,0,0,0,0,0,0,0,0,0,0,6
3,7,0,1,19,0,5,0,0,6,4,16,0,59,0,11
2,0,0,1,18,0,0,0,25,0,0,0,0,0,0,14
54,96,4,0,21,2,2,18,0,0,0,0,4,0,4,86
0,0,0,0,0,0,0,0,0,0,0,0,0,0,0,9
0,0,0,0,0,0,0,0,0,0,0,0,0,0,0,8
0,0,0,0,0,0,0,0,0,0,0,0,0,0,0,4
24,14,2,1,4,0,0,0,0,0,0,0,0,0,18,56
0,0,0,0,0,0,0,0,0,0,0,0,0,0,0,0
0,0,0,0,0,0,0,0,0,0,0,0,0,0,0,0
0,0,0,0,0,0,0,0,0,0,0,0,0,0,0,1
0,0,0,0,0,0,0,0,0,0,0,0,0,0,0,0
13,1,0,1,5,0,0,0,4,9,0,0,0,0,0,10
11,104,2,0,36,0,2,42,11,14,9,14,10,0,9,271
4,0,0,0,0,0,0,0,0,0,0,0,0,0,0,2
5,5,0,0,0,2,2,0,0,0,0,0,0,0,0,8
3,2,2,0,0,0,2,0,0,0,0,0,0,0,0,9
30,14,0,0,2,4,4,2,0,0,0,0,2,0,16,23
0,0,0,0,0,0,0,0,0,0,0,0,0,0,0,1
1,0,0,0,0,0,0,0,0,0,0,0,0,0,0,2
2,0,0,0,1,0,0,0,0,0,0,0,0,0,0,6
8,3,0,0,2,0,0,0,0,0,0,0,0,0,6,7
20,8,0,0,1,0,2,0,0,0,0,0,0,0,0,13
6,8,0,0,0,0,0,0,0,0,0,0,0,0,0,19
8,0,0,0,0,0,0,2,0,0,0,0,0,0,0,16
9,4,0,0,0,0,0,2,0,0,0,0,0,0,0,20
9,26,0,0,2,0,0,2,0,0,0,0,2,0,6,10
22,19,2,0,11,0,2,0,0,0,0,0,0,0,0,31
32,4,0,1,3,0,0,0,0,0,0,0,0,0,0,21
9,0,0,1,1,0,0,0,0,0,0,35,0,0,3,13
18,13,0,1,12,0,4,0,0,0,0,0,0,0,2,95
23,10,2,0,42,0,2,0,23,0,9,0,0,0,6,75
16,14,0,2,1,0,0,0,0,0,0,0,0,0,2,7
38,41,2,0,17,0,0,3,0,0,0,0,0,0,0,67
1,0,0,0,0,0,0,0,0,0,3,0,0,0,0,5
61,6,2,0,15,6,14,0,11,0,0,0,2,0,0,28
19,5,0,0,10,0,0,0,0,0,0,0,0,0,12,89
2,3,0,0,0,0,0,0,0,0,0,0,0,0,0,1
3,0,0,0,0,0,0,0,0,0,0,0,0,0,2,5
7,0,0,0,0,2,2,0,0,0,0,0,0,0,3,3
9,0,0,0,0,0,0,0,0,0,0,0,0,0,3,1
4,0,0,0,0,0,0,0,0,0,0,0,0,0,3,5
6,0,0,0,0,0,0,0,0,0,0,0,0,0,2,1
7,0,0,0,0,2,2,0,0,0,0,0,0,0,3,2
10,0,0,0,1,0,0,0,0,0,0,0,0,0,0,3
11,1,0,0,0,2,2,0,0,0,0,0,0,0,4,5
5,2,0,0,0,0,0,0,0,0,0,0,0,0,3,12
10,2,0,0,0,0,0,0,0,0,0,0,0,0,3,2
7,1,0,0,0,2,2,0,0,0,0,0,0,0,3,4
0,0,0,0,0,0,0,0,0,0,0,0,0,0,0,0
9,7,0,0,3,0,4,0,0,0,5,0,0,0,3,15
3,6,0,0,0,0,0,0,0,0,0,0,0,0,4,8
9,2,0,0,0,0,2,0,0,0,9,0,0,0,3,9
13,0,0,1,0,0,0,0,0,0,0,0,0,0,0,4
30,1,12,0,7,0,0,0,0,0,0,0,0,0,0,23
14,0,2,1,7,0,4,2,0,0,0,0,0,0,2,9
0,0,6,0,2,4,0,0,0,0,0,0,0,0,0,2
11,5,2,0,14,0,2,0,36,0,0,0,0,0,4,9
8,4,0,0,9,0,2,0,9,0,0,0,0,0,6,5
2,2,0,0,2,0,0,0,0,0,0,0,0,0,4,4
17,3,0,0,9,0,0,0,11,0,3,0,0,0,3,47
12,3,0,0,3,0,4,0,0,0,0,0,0,0,3,27
10,1,0,0,10,0,0,0,6,0,0,0,0,0,0,33
3,0,2,0,6,0,2,0,0,0,0,0,0,0,0,32
16,5,0,0,14,0,2,0,0,0,3,15,0,0,0,68
0,0,0,0,0,0,0,0,0,0,0,0,0,0,0,1
0,0,0,0,0,0,0,0,0,0,0,0,0,0,0,0
0,0,0,0,0,0,0,0,0,0,0,0,0,0,0,0
17,2,6,0,28,0,2,0,25,0,6,0,2,0,2,39
18,6,0,0,10,4,5,0,0,0,0,24,0,0,0,30
6,1,0,1,0,0,0,0,0,0,0,0,0,0,0,13
3,2,2,0,2,0,0,0,0,0,0,0,0,0,2,6
6,5,2,0,4,0,0,0,0,0,0,0,0,0,0,18
35,31,2,1,30,0,2,0,0,0,0,14,4,0,0,114
30,33,0,1,23,0,9,0,0,0,0,15,2,0,0,92
3,2,0,0,0,0,0,0,0,0,0,0,0,0,0,1
10,5,0,0,15,2,4,0,5,0,0,0,0,0,0,11
9,3,0,0,0,0,0,0,0,8,0,0,0,0,0,3
14,6,2,0,33,0,2,0,51,0,0,0,0,0,0,64
11,5,0,1,1,0,0,0,0,22,0,0,0,0,2,32
11,3,0,1,2,0,0,0,0,36,0,0,0,0,2,28
34,17,6,0,52,0,6,2,21,0,27,0,2,0,0,171
89,14,4,0,32,14,36,0,4,0,23,12,2,0,11,132
24,85,0,0,7,0,6,43,0,128,3,0,0,0,6,394
7,4,4,0,54,0,6,0,10,0,5,0,2,0,0,104
0,0,0,0,3,0,0,0,53,0,0,0,0,0,0,5
24,3,0,1,8,0,4,2,6,0,10,23,0,0,3,56
6,8,4,1,9,0,2,0,5,6,25,0,0,0,0,98
25,23,0,0,17,0,2,3,0,10,0,0,2,0,10,35
23,0,0,1,3,0,2,0,0,0,0,9,0,0,21,29
11,5,0,0,2,0,0,0,0,0,10,14,0,0,2,8
7,1,0,0,6,0,0,2,0,0,3,75,0,0,0,24
4,3,0,0,9,0,2,0,0,0,0,0,0,0,0,5
11,4,2,2,4,0,0,0,0,0,0,0,2,0,4,12
2,2,0,0,0,0,0,0,0,0,0,0,0,0,7,12
3,3,2,0,2,0,0,0,0,0,0,0,0,0,9,11
11,0,0,0,19,0,2,2,36,0,0,0,0,0,0,29
19,3,4,1,9,2,0,0,0,0,0,0,0,0,0,12
0,0,0,1,0,0,0,0,0,0,0,0,0,0,0,1
0,0,0,0,0,0,0,0,0,0,0,0,0,0,0,3
4,0,0,0,2,0,0,0,0,0,0,0,0,0,0,31
0,0,0,0,0,0,0,0,0,0,0,0,0,0,0,11
12,0,0,2,1,0,0,0,0,0,0,0,0,0,0,1
0,0,0,0,0,0,0,0,0,0,0,0,0,0,0,0
4,0,2,1,0,0,0,0,0,0,0,0,0,0,0,0
5,0,0,0,1,0,0,0,0,0,0,0,0,0,0,11
5,0,0,0,0,0,0,0,0,2,0,0,0,0,0,1
1,0,0,0,0,0,0,0,0,0,0,0,0,0,0,1
3,2,2,0,3,0,0,0,0,0,0,0,2,0,0,11
33,12,2,1,3,0,0,0,0,0,0,0,0,0,0,30
1,1,0,1,6,0,0,0,0,0,2,0,0,0,0,5
3,0,0,0,1,0,0,0,0,0,135,191,0,0,0,8
5,0,0,0,0,2,0,0,0,0,0,0,0,0,0,0
6,0,0,0,1,0,0,0,0,0,0,0,0,0,0,16
4,6,0,0,7,0,6,0,35,6,5,0,0,0,0,47
0,0,0,0,0,0,0,0,0,0,0,0,0,0,0,5
0,0,0,0,1,0,0,0,0,0,0,0,0,0,0,5
0,0,0,0,0,0,0,0,0,0,0,0,0,0,0,0
4,1,2,0,1,2,2,0,0,0,0,0,0,0,0,0
2,1,0,0,0,0,0,0,0,0,0,0,0,0,0,0
0,0,0,0,0,0,2,0,0,0,0,0,0,0,0,1
0,0,0,0,0,0,0,0,0,0,0,0,0,0,0,1
15,2,0,0,1,0,0,0,0,0,4,0,0,0,2,13
2,0,0,1,0,0,0,0,0,49,0,0,0,0,0,7
30,1,0,0,6,2,0,0,0,0,0,0,0,0,0,38
0,0,0,0,0,0,0,0,0,0,4,0,0,0,0,3
0,0,0,0,0,0,0,0,0,0,0,0,0,0,0,0
13,6,2,0,12,0,0,0,0,10,0,0,0,0,0,14
12,4,2,0,0,0,2,0,0,0,0,0,0,0,0,10
16,2,0,2,5,0,0,0,15,18,0,12,2,0,0,11
1,0,0,0,0,0,0,0,0,0,0,0,0,0,0,20
0,0,0,0,0,0,0,0,0,0,0,0,0,0,0,2
7,2,0,0,0,0,0,0,0,0,0,0,0,0,0,0
2,0,0,0,0,0,0,0,0,0,0,0,0,0,0,1
0,0,0,0,0,0,0,0,0,0,0,0,0,0,0,5
0,0,0,0,0,0,0,0,0,1,0,0,0,0,0,1
2,2,2,0,0,2,0,0,0,0,0,0,0,0,0,5
2,0,0,0,0,0,0,0,0,0,0,0,0,0,0,11
0,0,0,0,0,0,0,0,0,0,0,0,0,0,0,4
0,1,0,1,0,0,0,0,0,0,0,0,0,0,0,8
17,5,0,0,1,0,4,0,0,1,3,0,0,0,0,9
0,0,0,0,12,0,0,0,32,0,0,0,0,0,0,7
5,1,0,0,3,0,0,0,0,0,0,0,0,0,0,14
3,0,0,0,0,0,0,0,0,0,5,0,0,0,0,4
10,4,0,0,3,0,0,0,5,0,0,26,0,0,0,21
28,16,2,0,37,0,2,0,87,7,10,0,0,0,8,148
117,7,8,0,19,0,2,3,0,0,0,16,0,0,7,62
4,6,0,0,4,0,0,0,3,0,0,0,0,0,0,4
10,4,0,1,0,0,0,0,0,1,0,0,0,0,0,2
86,0,18,0,12,2,2,0,0,0,0,0,0,0,6,37
1,1,0,0,0,0,0,0,0,0,0,0,0,0,0,0
0,0,0,0,0,0,0,0,0,0,0,0,0,0,0,3
1,0,0,0,0,0,0,0,0,0,0,0,0,0,0,4
14,1,0,0,0,2,0,0,0,0,0,0,0,0,0,11
0,0,0,0,0,0,0,0,0,0,0,0,0,0,0,1
3,0,0,1,5,0,0,0,0,0,0,0,0,0,0,32
2,1,0,0,0,4,2,0,0,0,0,0,0,0,0,0
14,0,0,2,0,0,0,0,0,0,0,12,0,0,0,7
77,411,6,0,25,0,6,104,0,5,0,0,4,0,0,302
5,0,0,0,0,0,0,0,0,0,0,0,0,0,0,5
1,1,0,0,5,0,0,0,4,0,0,14,0,0,0,61
42,2,4,1,3,0,0,0,0,0,10,16,0,0,0,15
0,0,0,0,0,0,0,0,0,0,0,0,0,0,0,2
11,3,0,1,4,0,3,0,0,0,0,0,0,0,0,8
1,0,0,0,1,0,0,0,0,0,18,22,0,0,0,7
0,0,0,0,0,0,0,0,0,0,0,0,0,0,0,6
21,8,0,1,2,0,0,0,0,0,0,0,0,0,0,13
9,0,0,0,3,4,0,0,0,0,0,0,0,0,2,18
0,0,0,0,0,2,0,0,0,0,0,0,0,0,0,4
9,7,0,0,0,4,2,0,0,0,0,0,0,0,0,6
36,21,2,2,15,4,2,2,3,2,3,0,4,0,5,26
0,0,0,0,0,0,0,0,0,0,0,0,0,0,0,0
2,0,0,0,0,0,0,0,0,0,0,0,0,0,0,6
3,0,0,0,0,0,0,0,0,0,0,0,0,0,2,0
5,0,0,1,1,0,0,0,0,0,0,0,0,0,3,6
0,0,2,0,0,2,0,0,0,0,0,0,0,0,0,1
0,0,0,0,0,0,0,0,0,0,0,0,0,0,0,0
0,0,0,1,0,0,0,0,0,0,0,0,0,0,0,1
11,5,2,1,0,0,0,0,0,0,0,0,0,0,0,3
7,1,0,1,2,0,0,0,0,0,0,0,0,0,0,5
6,2,0,0,0,0,0,0,0,0,0,0,0,0,0,7
7,0,0,1,1,0,0,0,0,1,0,0,0,0,0,10
0,0,0,0,0,0,0,0,0,0,0,0,0,0,0,0
2,0,0,0,0,0,0,0,0,0,0,0,0,0,2,0
0,0,0,2,0,0,0,0,0,0,0,0,0,0,0,1
1,0,2,1,0,0,0,0,0,0,0,0,0,0,0,1
0,0,0,1,0,0,0,0,0,1,0,0,0,0,0,2
0,0,0,0,0,0,0,0,0,0,0,0,0,0,0,0
11,3,0,0,4,0,0,0,0,0,0,0,0,0,0,3
3,5,0,1,0,0,0,0,0,2,0,0,0,0,0,5
0,0,0,0,0,0,0,0,0,2,0,0,0,0,0,4
2,2,0,2,0,0,0,0,0,0,0,0,0,0,0,0
33,12,0,0,5,6,2,0,0,0,0,0,4,0,3,20
3,0,2,2,0,0,0,0,0,0,0,0,0,0,0,0
0,0,0,1,1,2,2,0,0,0,0,0,0,0,0,9
13,3,2,0,1,2,0,0,0,0,0,0,0,0,0,9
2,0,0,0,0,0,0,0,0,0,0,0,0,0,0,0
0,0,0,1,0,0,0,0,0,1,0,0,0,0,0,5
0,0,0,0,0,0,0,0,0,1,0,0,0,0,0,3
0,0,0,0,0,0,0,0,0,2,0,0,0,0,0,1
31,5,2,0,1,0,0,0,0,0,0,0,0,0,2,13
2,0,0,0,0,0,0,0,0,0,0,0,0,0,0,2
12,3,0,0,2,0,0,0,0,2,3,0,0,0,0,12
0,0,0,1,0,0,0,0,0,0,0,0,0,0,0,0
0,0,0,0,0,0,0,0,0,0,0,0,0,0,0,2
1,0,4,0,0,0,0,0,0,0,0,0,0,0,0,13
2,1,0,0,0,0,0,0,0,0,0,0,0,0,0,2
6,2,0,0,2,0,0,0,0,0,0,0,0,0,0,3
2,0,0,0,0,2,0,0,0,0,0,0,0,0,0,2
47,68,2,1,23,0,4,0,0,7,2,46,2,0,2,126
6,3,0,1,1,0,0,0,0,0,0,0,2,0,3,10
1,1,0,1,4,0,0,0,0,0,0,0,0,0,0,2
4,3,0,1,0,0,0,0,0,0,0,0,0,0,7,10
13,5,8,0,4,4,0,0,0,0,0,0,2,0,6,22
6,0,0,1,0,2,0,0,0,0,0,0,0,0,0,4
4,0,0,0,0,2,2,0,0,0,0,0,0,0,0,2
6,2,0,0,1,0,4,0,0,0,4,0,0,0,0,41
3,0,0,0,0,0,0,0,0,0,0,0,0,0,0,3
20,0,0,1,3,0,0,0,0,0,2,0,0,0,0,23
2,1,0,0,3,0,0,0,0,0,0,0,0,0,0,37
10,1,0,0,2,0,0,0,0,0,0,0,0,0,0,6
18,31,0,1,9,0,0,0,11,0,0,0,0,0,2,22
5,0,0,0,0,0,0,0,0,0,0,0,0,0,3,0
15,2,2,0,3,0,0,0,0,0,0,0,2,0,9,18
4,3,0,0,0,2,2,0,0,0,0,0,0,0,3,16
13,0,0,0,1,0,2,0,0,0,0,0,0,0,9,19
0,1,0,0,0,0,0,0,0,0,0,0,0,0,0,0
0,0,0,0,0,0,0,0,0,0,0,0,0,0,0,4
6,1,0,0,2,0,0,0,0,0,0,0,0,0,5,3
5,1,0,0,2,2,2,0,0,0,0,0,0,0,0,9
8,0,0,0,2,4,4,0,0,0,0,0,0,0,2,11
7,1,0,0,5,2,6,0,0,0,0,0,2,0,0,13
0,0,0,1,0,0,0,0,0,0,0,0,0,0,0,0
9,4,0,1,4,0,0,0,0,0,0,0,0,0,0,22
6,4,0,1,5,2,2,0,0,0,0,0,0,0,0,30
10,7,0,0,8,0,0,0,18,0,0,0,0,0,0,32
16,0,2,0,7,0,0,0,0,0,4,0,0,0,0,37
5,2,0,0,4,0,6,0,0,0,3,0,0,0,0,59
1,1,0,0,9,0,2,0,6,41,0,0,0,0,0,23
5,3,0,0,8,0,0,2,0,0,0,0,0,0,0,43
8,2,0,0,0,0,0,0,0,0,0,0,0,0,0,4
21,125,0,0,8,2,12,18,0,0,10,0,2,0,0,158
38,7,2,0,2,0,8,0,0,0,0,10,0,0,24,65
1,1,2,0,0,0,0,0,0,0,0,0,0,0,0,3
3,1,0,0,1,0,5,0,0,0,3,0,0,0,0,13
9,17,0,1,4,0,0,2,0,0,0,0,2,0,4,12
7,7,2,2,3,0,0,0,0,0,0,0,2,0,3,11
9,9,0,1,5,0,4,0,0,0,3,0,0,0,7,23
6,2,0,1,2,0,0,0,0,0,0,0,0,0,4,9
1,1,0,0,6,0,2,0,4,0,0,0,0,0,0,8
2,0,2,0,2,0,0,0,0,0,0,0,0,0,0,48
19,10,2,0,16,0,0,0,39,1,0,0,0,0,0,30
0,0,0,0,0,0,0,0,0,0,0,0,0,0,0,1
27,0,2,0,20,0,4,0,10,0,8,0,2,0,0,68
16,16,2,0,18,0,2,0,0,0,5,0,0,69,19,110
39,117,2,0,38,0,0,17,0,11,4,26,0,0,6,327
0,0,0,0,0,0,0,0,0,0,0,0,0,0,0,5
3,1,0,0,4,0,0,0,0,0,0,0,0,0,0,13
6,1,0,0,1,0,0,0,0,0,0,0,0,0,0,15
29,5,0,1,9,0,0,0,0,9,0,0,0,0,0,28
21,0,2,2,8,0,0,0,0,2,0,0,0,0,0,19
11,0,0,0,2,0,2,0,0,0,0,0,0,0,0,10
0,0,0,0,0,2,0,0,0,0,0,0,0,0,0,0
7,8,0,0,2,2,4,0,0,0,0,0,0,0,7,11
7,3,0,0,1,2,2,0,0,0,0,0,0,0,3,13
4,5,0,0,1,0,0,0,0,0,0,0,0,0,3,11
8,16,0,0,0,0,0,0,0,0,0,0,0,0,4,6
7,7,0,0,1,2,2,0,0,0,0,0,2,0,4,10
5,4,0,0,1,4,4,0,0,0,0,0,0,0,3,9
1,0,0,0,0,0,0,0,0,0,0,0,0,0,0,9
22,9,0,0,22,0,9,0,32,0,0,0,0,0,8,81
2,0,4,1,4,0,0,0,0,0,0,0,0,0,0,0
0,0,0,0,0,0,0,0,0,0,0,0,0,0,2,2
4,0,0,0,0,0,0,0,0,0,0,0,0,0,6,6
0,0,0,0,0,0,0,0,0,0,0,0,0,0,2,3
1,0,0,0,0,0,0,0,0,0,0,0,0,0,2,2
0,1,0,0,0,0,0,0,0,0,0,0,0,0,0,3
0,0,0,3,0,0,0,0,0,0,0,0,0,0,0,0
0,0,0,0,0,0,0,0,0,0,0,0,0,0,0,8
0,0,0,0,0,0,0,0,0,0,0,0,0,0,0,3
0,0,0,0,0,0,0,0,0,0,0,0,0,0,0,2
31,59,0,0,46,0,4,0,56,0,2,0,4,0,0,103
28,8,2,0,22,0,6,0,3,35,11,34,2,0,5,116
0,0,0,0,1,0,0,0,0,0,0,0,0,0,0,2
21,17,0,0,32,0,5,2,24,6,0,0,0,0,2,106
0,1,0,0,0,0,0,0,0,0,0,0,0,0,0,6
2,0,0,1,0,0,0,0,0,0,0,0,0,0,0,0
24,10,2,1,17,0,4,4,8,30,8,0,0,0,21,47
4,1,0,0,5,0,0,0,6,0,0,0,0,0,0,7
32,19,0,0,37,0,2,0,63,0,5,0,0,0,6,32
43,47,0,0,18,0,0,0,13,3,0,0,2,0,0,56
17,4,0,0,29,0,2,2,31,0,0,0,0,0,5,28
2,0,0,0,0,0,0,0,0,0,0,0,0,0,0,2
1,1,0,2,9,0,0,0,0,0,0,0,0,0,0,23
9,1,0,1,0,0,0,0,0,0,0,0,0,0,0,2
16,96,0,0,31,2,4,62,0,32,0,0,4,0,0,260
28,45,2,0,8,0,0,10,0,43,0,10,0,0,4,181
33,14,0,0,24,0,6,0,42,0,7,0,0,0,16,54
30,7,0,1,8,2,4,0,0,20,0,0,2,0,17,38
20,4,0,0,3,0,6,0,0,0,0,0,2,0,10,32
43,12,0,0,9,0,7,0,0,0,4,0,2,0,11,55
15,12,0,1,4,0,2,0,0,0,0,0,2,0,10,60
8,90,2,2,18,0,2,11,3,55,0,0,0,0,0,85
1,0,0,0,2,0,0,0,0,0,7,0,0,0,0,31
15,3,2,1,11,0,2,0,3,0,3,0,0,0,5,37
1,4,0,0,1,0,0,0,0,0,0,0,2,0,0,3
0,1,0,0,0,0,0,0,0,0,0,0,0,0,0,0
1,0,0,0,0,2,0,0,0,0,0,0,0,0,0,8
1,0,0,0,0,0,0,0,0,0,0,0,0,0,3,4
0,0,0,1,1,0,0,0,0,0,0,0,0,0,0,13
0,0,0,1,0,0,0,0,0,0,0,0,0,0,0,1
2,2,0,0,2,2,2,0,0,0,0,0,2,0,6,6
1,1,0,0,0,2,2,0,0,0,0,0,0,0,5,3
3,0,0,0,2,0,0,0,0,0,0,0,0,0,4,8
3,2,0,0,0,0,0,0,0,0,0,0,0,0,2,11
3,12,0,0,5,0,2,0,0,0,0,0,0,0,0,18
0,0,2,0,1,0,0,0,0,0,0,0,0,0,0,1
6,0,6,1,2,2,2,0,0,0,0,0,0,0,0,2
14,2,2,0,0,0,0,0,0,0,3,0,2,0,0,43
5,0,2,1,0,0,2,0,0,0,4,0,0,0,0,18
7,0,0,1,0,0,0,0,0,0,0,0,0,0,0,4
0,0,0,0,0,0,0,0,0,0,0,0,0,0,0,1
3,6,0,0,0,0,0,2,0,0,0,0,0,0,0,6
0,1,0,0,0,0,0,0,0,0,0,0,0,0,0,1
28,18,0,3,10,0,0,0,0,0,0,0,0,0,0,21
11,1,0,1,3,0,2,0,0,0,0,0,0,0,0,12
1,1,0,1,0,0,0,0,0,6,0,0,0,0,0,9
4,0,0,0,0,2,2,0,0,0,0,0,0,0,0,0
4,0,0,0,0,0,0,0,0,0,0,0,0,0,0,3
3,1,0,0,0,0,0,0,0,0,0,0,0,0,2,1
5,1,0,0,0,0,0,0,0,0,0,0,0,0,0,3
3,0,0,1,0,0,0,0,0,9,0,0,0,0,2,1
5,6,0,0,3,0,2,0,0,11,19,31,0,0,0,38
2,5,0,1,0,0,0,0,0,0,0,0,0,0,0,2
14,3,4,0,28,0,2,0,15,0,0,0,2,0,4,41
17,6,2,0,41,2,13,0,17,26,6,0,0,0,0,83
10,2,0,0,0,2,2,0,0,0,0,0,0,0,0,5
6,0,0,0,0,0,0,0,0,5,0,0,0,0,2,17
3,0,0,0,0,0,0,0,0,0,0,0,0,0,0,7
0,0,0,1,0,0,0,0,0,0,0,0,0,0,0,5
21,3,2,0,15,2,4,0,0,7,3,0,0,0,4,44
8,2,0,0,8,0,5,0,0,0,20,22,0,0,0,22
9,2,0,1,14,0,2,0,1,0,0,0,0,0,0,33
10,0,0,0,0,0,0,0,0,0,0,0,0,0,2,5
3,3,0,0,0,2,2,0,0,0,0,0,0,0,0,2
3,2,0,0,0,2,2,0,0,0,0,0,0,0,0,4
0,0,0,0,0,0,0,0,0,0,0,0,0,0,0,3
6,3,0,0,0,2,2,0,0,0,0,0,0,0,2,4
3,2,0,0,0,0,0,0,0,0,0,0,0,0,2,4
0,0,0,0,0,0,0,0,0,0,0,0,0,0,0,0
0,0,0,0,0,0,0,0,0,0,0,0,0,0,0,0
10,0,0,0,35,0,2,0,19,15,0,0,0,0,4,59
3,2,0,0,0,0,0,0,0,0,0,0,0,0,2,0
1,0,0,0,0,0,0,0,0,0,0,0,0,0,4,2
6,4,0,1,0,0,0,0,0,0,0,0,0,0,5,0
2,0,0,0,0,0,0,0,0,0,0,0,0,0,4,2
0,0,0,0,0,0,0,0,0,0,0,0,0,0,0,1
0,0,0,0,0,0,0,0,0,0,0,0,0,0,0,3
22,19,0,0,11,0,0,3,0,33,0,0,0,0,0,100
0,0,0,0,0,0,0,0,0,0,6,0,0,0,0,15
10,5,0,0,4,0,0,0,0,0,0,0,0,0,0,11
52,18,8,0,26,0,8,0,7,0,4,0,2,0,5,32
0,0,0,1,0,0,0,0,0,0,0,0,0,0,0,0
0,0,0,0,0,0,0,0,0,0,0,0,0,0,0,1
0,0,0,0,1,0,2,0,0,0,0,0,0,0,0,23
20,6,0,0,22,0,0,0,20,187,17,0,0,0,0,50
5,0,0,0,6,0,0,0,0,0,0,0,0,52,0,24
35,11,0,0,5,2,2,0,0,12,0,0,2,0,3,45
6,0,0,2,0,0,2,0,0,2,0,0,2,0,0,31
3,0,0,1,0,0,0,0,0,0,0,0,0,0,0,1
32,30,2,0,24,0,8,0,0,0,4,13,4,0,2,119
4,5,0,0,1,0,0,0,0,0,0,0,0,0,5,8
5,0,0,0,1,0,0,0,0,0,0,0,0,0,0,8
6,0,0,0,1,0,0,0,0,0,0,0,0,0,0,6
22,2,2,0,20,2,4,0,33,0,0,13,2,0,0,28
0,0,0,0,1,0,0,0,0,0,185,19,0,0,0,613
1,1,0,0,0,0,0,0,0,0,0,0,0,0,0,0
0,0,0,0,1,0,0,0,0,0,0,0,0,0,0,7
0,0,0,0,0,0,0,0,0,0,0,0,0,0,0,2
13,4,0,0,1,2,2,0,0,0,0,0,0,0,2,5
11,3,0,0,0,0,0,0,0,0,0,0,0,0,2,8
11,4,0,0,0,0,0,0,0,0,4,0,0,0,3,3
3,3,0,1,0,0,0,0,0,0,0,0,0,0,0,5
8,3,0,0,0,0,0,0,0,0,0,0,0,0,0,2
11,7,0,0,15,0,0,0,0,0,4,0,0,53,11,41
5,5,0,1,13,0,0,0,28,0,0,0,0,0,0,21
6,0,0,1,0,0,0,0,0,0,0,0,0,0,4,3
6,0,0,0,0,0,0,0,0,0,0,0,0,0,2,1
15,0,0,0,0,0,0,0,0,0,0,0,0,0,2,5
4,0,0,0,0,0,0,0,0,0,0,0,0,0,2,6
3,0,0,1,0,0,0,0,0,0,0,0,0,0,0,5
0,0,0,0,0,0,0,0,0,0,0,0,0,0,0,0
0,0,2,0,2,0,0,0,0,0,0,0,0,0,0,3
81,12,6,0,19,4,2,0,0,0,2,0,0,0,0,60
19,5,2,1,5,0,2,0,0,0,0,83,0,0,0,69
0,0,0,0,0,0,0,0,0,0,0,0,0,0,0,0
10,0,2,0,18,0,0,0,31,9,3,0,0,0,0,49
91,50,12,0,47,2,2,8,10,0,6,0,4,0,24,144
18,2,0,0,10,0,0,0,9,9,3,0,0,0,0,38
16,82,0,0,6,0,0,12,50,0,5,0,2,0,0,87
31,20,0,0,20,0,0,0,0,0,0,0,2,0,6,65
0,0,0,2,0,0,0,0,0,0,0,0,0,0,0,2
1,0,0,1,0,0,0,0,0,0,0,0,0,0,0,3
3,0,0,0,0,0,0,0,0,0,0,0,0,0,0,0
0,0,0,0,0,0,0,0,0,0,0,0,0,0,2,2
0,0,0,0,0,0,0,0,0,0,0,0,0,0,2,2
5,0,2,0,2,0,0,0,0,0,0,0,0,0,0,5
7,3,0,0,0,0,0,0,0,0,0,0,0,0,0,10
3,0,0,0,0,0,0,0,0,0,0,0,0,0,0,3
5,0,0,0,0,0,0,0,0,0,0,0,0,0,0,5
57,14,2,0,5,0,0,0,0,0,0,11,0,0,0,19
8,4,0,0,1,0,2,0,0,0,0,0,0,0,0,28
4,2,0,1,1,0,2,0,0,46,11,20,0,0,0,19
0,0,0,1,0,0,0,0,0,0,0,0,0,0,0,1
0,0,0,0,0,0,0,0,0,0,0,0,0,0,0,5
21,3,0,2,28,0,5,2,61,0,3,0,2,0,4,50
0,0,0,0,0,0,0,0,0,0,0,0,0,0,0,1
36,14,0,0,64,0,2,0,66,0,6,0,0,0,4,126
50,7,8,1,24,0,0,0,37,18,13,0,0,0,5,62
11,11,0,0,14,0,2,0,25,0,17,0,0,0,0,57
22,29,0,1,11,0,8,2,5,6,4,0,0,0,5,163
37,24,6,0,15,0,2,0,0,0,11,10,2,0,17,86
25,25,0,0,24,0,2,0,11,48,10,0,0,0,0,77
7,9,0,0,20,0,2,0,47,8,0,0,0,0,2,45
13,8,2,0,7,0,0,0,3,28,0,0,0,0,0,11
33,27,2,0,15,0,6,0,13,16,2,0,0,0,4,60
13,9,2,1,19,0,6,0,7,0,0,9,0,0,0,71
12,45,0,1,11,2,6,0,0,0,0,10,4,0,4,83
23,17,0,0,19,0,2,0,9,8,0,0,2,0,3,24
1,0,0,0,1,0,0,0,0,0,0,0,0,0,0,25
34,8,0,0,20,0,0,0,37,13,0,10,0,0,28,55
9,10,0,0,9,4,2,0,0,0,0,0,2,0,0,23
21,14,2,0,13,0,2,2,0,0,0,0,0,72,19,85
0,0,0,0,0,0,0,0,0,0,0,0,0,0,0,1
4,3,0,0,3,0,0,0,0,0,0,0,0,0,3,8
4,2,0,0,3,0,0,0,0,0,0,0,0,0,3,9
6,4,0,0,3,0,0,0,0,0,0,0,0,0,3,10
4,4,0,0,5,2,2,0,0,0,0,0,0,0,5,9
1,0,0,0,1,0,0,0,0,0,0,0,0,0,0,4
4,2,2,0,2,0,0,0,0,0,0,0,0,0,3,9
3,0,0,0,0,0,0,0,0,0,0,0,0,0,0,0
2,4,0,0,3,2,2,0,4,12,0,0,0,0,0,17
2,1,0,0,0,0,0,0,0,0,0,0,0,0,0,4
2,2,0,0,0,2,2,0,0,0,0,0,0,0,2,7
2,2,0,0,0,0,0,0,0,0,0,0,0,0,2,6
5,4,0,0,0,0,0,0,0,0,0,0,0,0,5,1
0,0,0,0,0,2,2,0,0,0,0,0,0,0,0,0
2,2,0,0,0,0,0,0,0,0,0,0,0,0,0,1
0,0,0,0,0,2,2,0,0,0,0,0,0,0,0,4
0,0,0,0,0,0,0,0,0,0,0,0,0,0,0,0
2,2,0,0,2,0,0,0,0,0,0,0,0,0,0,13
2,4,0,1,0,0,2,0,0,0,0,0,0,0,0,13
2,2,0,0,1,0,0,0,0,0,0,0,0,0,0,16
1,3,0,0,0,0,0,0,0,0,0,0,0,0,0,11
1,2,0,0,0,0,0,0,0,0,0,0,0,0,0,5
3,2,0,0,0,0,0,0,0,0,0,0,2,0,4,10
4,0,0,0,0,0,2,0,0,0,0,0,0,0,0,10
12,17,0,1,13,2,4,0,8,0,0,0,0,0,0,10
23,3,2,0,11,0,0,0,46,0,2,0,0,0,0,28
12,13,0,0,54,0,4,0,52,0,2,0,0,0,6,48
17,3,0,0,35,0,4,0,32,0,0,0,0,0,4,54
2,0,0,0,0,0,0,0,0,0,0,0,0,0,0,5
0,0,0,1,0,0,0,0,0,0,0,0,0,0,0,0
35,10,2,0,29,0,0,0,10,8,0,0,2,0,9,96
13,2,0,0,7,0,0,0,18,0,7,0,0,0,0,23
11,3,0,0,10,0,6,0,15,0,7,0,0,0,4,8
4,1,0,0,1,0,0,0,0,0,0,0,0,0,4,9
11,4,0,0,13,2,6,0,21,0,8,0,0,0,4,8
16,8,0,1,17,0,0,2,23,0,0,0,4,0,0,29
21,7,0,0,24,0,4,0,3,0,9,0,0,0,0,111
3,3,0,0,1,0,2,0,0,0,2,37,0,0,2,6
2,3,0,0,1,6,11,0,0,0,16,58,0,0,2,4
3,4,0,0,1,2,7,0,0,0,17,57,0,0,2,5
2,4,0,0,1,2,7,0,0,0,16,54,0,0,4,3
0,0,0,0,0,0,0,0,0,0,0,0,0,0,0,0
3,3,0,0,0,0,0,0,0,0,0,0,0,0,5,10
6,3,0,0,0,0,0,0,0,0,0,0,0,0,8,4
3,6,2,0,3,0,0,0,0,0,0,0,2,0,7,5
7,5,2,0,1,0,0,0,0,0,0,0,0,0,6,1
7,4,2,0,1,0,0,0,0,0,0,0,0,0,7,1
3,3,0,0,0,0,0,0,0,0,0,0,0,0,9,10
5,0,0,0,0,0,0,0,0,0,0,0,0,0,0,2
0,0,0,0,0,0,0,0,0,0,0,0,0,0,0,0
11,14,0,0,5,0,0,0,0,10,0,0,0,0,3,41
38,17,2,0,15,0,6,2,0,32,0,29,0,0,7,79
4,1,0,0,0,0,0,0,0,0,0,0,0,0,0,4
5,0,0,0,0,0,0,0,0,0,0,0,0,0,0,3
3,0,0,0,0,0,0,0,0,0,0,0,0,0,0,2
1,0,0,1,0,0,0,0,0,0,0,0,0,0,0,6
0,1,0,1,0,0,0,0,0,0,0,0,0,0,0,2
1,0,0,0,0,2,0,0,0,0,0,0,0,0,0,5
0,0,0,0,0,4,2,0,0,0,0,0,0,0,0,0
0,0,0,0,2,0,2,0,0,0,3,0,0,0,0,17
0,3,2,0,2,4,2,0,0,0,0,0,0,0,0,22
0,0,0,0,0,0,0,0,0,0,0,0,0,0,0,2
11,54,0,0,21,0,2,10,0,0,4,0,2,0,3,105
10,11,0,0,44,0,2,0,32,16,0,0,0,0,7,44
9,0,4,1,5,0,0,0,0,0,4,0,0,0,2,22
0,1,0,0,2,0,0,0,0,0,0,0,0,0,0,14
46,8,2,2,4,4,2,2,0,0,0,0,0,0,0,24
6,1,0,0,3,0,2,0,0,0,3,0,0,0,0,22
3,1,0,2,0,0,0,0,0,0,0,0,2,0,0,1
7,5,2,2,4,0,0,0,0,0,0,0,0,0,0,19
14,6,0,1,10,0,0,0,0,0,0,0,2,0,0,19
35,31,0,0,3,0,4,0,41,0,7,0,0,0,2,45
0,1,0,0,0,0,3,0,0,0,0,0,0,0,5,3
1,5,0,0,0,0,0,0,0,0,0,0,0,0,6,4
0,1,0,0,0,0,3,0,0,0,0,0,0,0,5,3
5,2,0,0,0,0,0,0,0,0,0,0,0,0,6,1
22,136,0,0,41,0,4,5,0,0,47,0,2,234,3,291
23,7,0,0,13,0,2,0,13,0,0,0,0,0,2,46
0,1,0,0,2,4,4,0,0,0,0,0,0,0,0,3
22,42,4,0,36,0,2,4,11,33,4,0,0,0,9,135
5,1,0,0,3,0,0,0,0,12,0,0,0,0,0,1
10,0,0,0,3,0,2,0,0,6,0,27,0,0,0,57
4,7,2,0,4,0,0,0,0,197,10,0,0,0,0,91
16,19,0,1,9,2,2,0,0,0,0,16,0,0,10,15
28,12,2,2,11,0,0,0,0,19,0,23,0,0,8,24
29,18,0,0,19,0,4,0,0,0,4,21,0,0,10,52
35,17,2,2,18,0,0,0,0,0,0,16,0,0,7,73
2,0,0,0,0,2,0,0,0,0,0,0,0,0,0,0
8,6,2,0,5,0,0,0,0,0,0,0,0,0,3,26
13,4,0,1,2,0,2,0,0,0,0,0,0,0,0,2
6,0,0,0,0,0,0,0,0,61,0,0,0,0,0,8
0,0,0,1,0,0,0,0,0,0,0,0,0,0,0,2
0,0,0,0,0,0,0,0,0,0,0,0,0,0,0,0
15,41,0,0,8,4,9,0,0,0,3,0,0,0,5,44
0,0,0,2,0,0,0,0,0,0,0,0,0,0,0,1
23,10,2,0,38,0,2,0,0,20,3,30,0,0,6,103
28,7,0,1,30,2,4,0,26,21,3,11,0,0,11,49
0,0,0,0,0,0,0,0,0,0,0,0,0,0,0,2
4,1,0,1,0,0,0,0,0,0,0,0,0,0,2,4
4,6,0,0,5,0,0,0,0,0,0,0,0,0,7,27
3,0,0,0,0,0,0,0,0,0,0,0,0,0,3,5
5,0,0,0,0,0,0,0,0,0,0,0,0,0,3,3
3,0,0,0,0,0,0,0,0,0,0,0,0,0,3,1
9,18,2,0,47,0,6,0,52,0,3,0,0,57,8,93
10,9,0,0,2,0,0,0,0,0,0,0,0,0,0,15
16,2,0,1,11,0,0,0,6,0,0,0,0,0,2,24
0,0,0,0,0,0,0,0,0,0,0,0,0,0,0,4
14,6,0,0,0,0,0,0,0,0,0,0,0,0,0,3
3,1,0,0,0,0,0,0,0,0,0,0,0,0,0,5
7,69,0,0,13,2,0,0,0,0,0,0,10,0,4,19
34,10,0,1,12,0,5,2,18,3,0,22,0,0,0,28
120,23,4,0,23,0,4,5,0,0,0,0,2,0,17,236
10,1,0,0,16,0,2,0,0,0,2,0,2,0,0,109
12,5,0,1,13,0,2,0,0,0,0,0,0,0,0,64
8,0,0,0,8,0,4,0,0,1,19,21,0,0,0,66
24,7,0,0,29,0,0,0,0,0,0,0,0,0,2,48
1,1,0,0,0,0,0,0,0,0,0,0,0,0,2,3
18,16,0,0,25,0,0,0,0,0,0,0,2,47,2,21
3,1,0,0,3,0,0,0,0,0,0,0,0,0,2,3
33,20,2,0,15,0,0,0,0,0,0,0,0,0,0,15
42,34,2,1,23,0,0,0,34,5,0,0,0,0,2,86
11,1,0,0,13,0,0,0,0,0,0,0,0,0,0,36
9,10,0,1,2,2,4,0,0,21,3,0,0,0,7,29
13,3,0,0,2,0,0,0,0,0,0,0,0,0,4,21
11,3,0,0,0,0,0,0,0,0,0,0,0,0,0,5
17,7,0,0,29,0,6,0,34,3,5,0,0,0,2,53
31,14,6,1,8,4,8,0,0,0,0,0,2,0,7,31
23,5,0,1,2,0,0,2,0,0,0,0,0,0,0,14
5,1,0,0,0,0,0,0,0,0,0,0,0,0,7,8
4,7,2,1,2,0,2,0,0,0,0,0,0,0,0,28
9,14,0,0,1,0,0,0,0,67,0,10,0,0,0,36
2,0,0,0,2,0,0,0,0,0,0,0,0,0,0,12
1,1,0,0,1,0,0,0,0,0,0,0,0,0,0,6
18,7,0,0,15,0,2,2,3,0,0,0,2,0,0,33
25,3,2,0,20,0,0,0,6,20,0,0,0,0,5,34
18,7,0,0,11,0,0,0,22,0,0,0,0,0,0,19
65,11,4,0,9,0,2,0,0,0,0,0,0,0,8,62
22,6,0,0,42,0,2,0,52,0,3,0,0,0,2,79
12,9,0,0,22,0,2,0,34,0,7,21,0,67,3,54
28,20,2,1,24,0,4,0,0,0,0,0,2,0,0,58
29,41,0,0,12,0,4,0,19,0,0,0,0,0,0,29
48,26,0,0,32,0,4,0,27,0,0,0,0,0,4,54
7,4,0,0,1,0,0,0,0,0,0,0,0,0,2,4
25,3,0,0,9,0,0,0,4,0,0,0,0,0,7,21
16,10,0,1,1,0,0,0,0,0,0,0,0,0,5,16
97,34,6,0,39,2,10,0,14,0,2,0,0,0,22,117
22,10,4,0,9,2,4,0,0,0,0,0,2,0,3,11
0,0,0,0,0,0,0,0,0,0,0,0,0,0,0,3
2,1,0,0,0,0,0,0,0,2,0,0,0,0,0,3
14,8,0,0,27,0,7,0,39,11,12,0,0,33,7,63
28,10,0,0,2,0,0,0,0,0,0,0,0,0,9,14
1,1,0,0,1,0,0,0,0,0,0,0,0,0,4,7
0,0,0,0,0,0,0,0,0,0,0,0,0,0,0,1
1,7,0,0,0,0,0,0,0,0,0,0,0,0,2,6
63,38,4,1,29,0,2,2,5,21,2,0,0,0,2,91
46,43,2,1,24,0,4,2,14,8,0,0,0,0,3,90
0,0,0,0,0,0,0,0,0,0,0,0,0,0,0,0
2,0,2,0,0,0,0,0,0,0,0,11,0,0,0,8
0,0,0,0,0,0,0,0,0,0,0,0,0,0,0,0
58,20,2,0,18,0,9,2,0,0,0,47,4,0,2,41
17,8,2,0,24,0,0,0,8,0,0,0,0,0,13,42
31,3,0,0,20,0,0,0,10,9,0,0,0,0,2,38
1,1,0,2,0,0,0,0,0,0,0,0,0,0,0,3
3,2,0,0,6,0,0,0,0,0,0,13,0,0,0,18
20,12,0,0,11,0,0,0,17,0,0,0,0,0,2,19
19,11,0,0,38,0,4,0,55,4,3,0,2,0,8,38
96,2,4,0,5,0,8,0,0,0,0,0,0,0,8,42
12,4,0,0,16,2,2,0,2,0,0,0,0,0,0,16
1,3,0,0,0,0,2,0,0,0,0,0,0,0,0,17
28,3,2,0,13,0,13,0,0,0,7,13,0,0,0,88
7,0,0,0,0,0,4,0,0,0,2,0,0,0,0,6
3,2,0,0,0,0,0,0,0,0,0,0,0,0,0,3
0,0,0,0,0,0,0,0,0,0,0,0,0,0,0,3
8,3,0,1,5,0,0,0,0,14,0,0,0,0,0,9
3,0,0,0,1,0,0,0,0,0,0,0,0,0,0,0
1,0,2,0,0,2,0,0,0,0,4,0,0,0,0,3
40,6,8,0,17,0,2,0,12,0,3,0,0,0,0,53
1,1,0,0,0,0,0,0,0,0,0,0,0,0,0,2
3,0,0,0,0,0,0,0,0,0,0,0,0,0,0,0
2,1,0,0,0,0,0,0,0,0,0,0,0,0,0,4
1,0,0,0,0,0,0,0,0,0,0,0,0,0,0,0
0,3,0,0,0,0,0,0,0,0,0,0,0,0,0,2
4,1,0,0,4,0,2,0,0,0,0,0,2,0,0,9
4,0,2,0,2,0,0,0,0,0,0,0,0,0,4,4
2,0,2,0,2,2,2,0,0,0,0,0,0,0,4,4
1,0,0,2,0,0,0,0,0,0,0,0,0,0,0,1
0,0,0,0,0,0,0,0,0,0,0,0,0,0,0,2
18,9,0,0,14,2,4,0,4,0,0,0,0,0,0,29
11,7,0,0,33,0,2,0,0,0,20,0,0,117,0,48
0,0,0,3,1,0,0,0,0,0,0,0,0,0,0,5
4,1,0,1,0,0,0,0,0,0,0,0,0,0,0,22
47,11,0,1,3,0,0,0,0,0,6,0,0,0,0,39
0,0,0,0,0,0,0,0,0,0,0,0,0,0,0,2
0,0,0,0,0,0,0,2,0,0,0,0,0,0,0,1
0,0,0,0,0,0,0,0,0,0,0,0,0,0,0,0
14,25,2,0,14,0,0,0,10,0,0,0,0,0,5,23
13,24,2,0,16,0,0,0,11,0,0,0,0,0,7,21
20,31,2,1,24,0,0,5,0,8,0,0,0,0,7,39
19,32,2,0,24,0,0,0,9,0,0,0,0,0,7,25
15,9,0,0,18,0,4,0,0,0,9,17,0,0,0,35
5,3,0,0,1,0,2,0,0,0,19,42,0,0,0,5
14,16,2,0,11,2,10,0,0,0,18,23,0,0,2,34
6,5,0,0,0,0,6,0,0,0,7,21,0,0,0,6
4,2,0,1,8,0,0,2,6,0,0,0,0,0,0,6
10,10,0,0,10,2,4,0,20,0,0,0,0,0,0,11
3,3,0,0,5,0,0,0,10,0,0,0,0,0,0,1
17,106,0,0,36,0,2,20,0,39,16,0,4,0,0,193
0,0,0,0,0,0,0,0,0,0,0,0,0,0,0,0
0,1,0,0,0,0,0,0,0,0,0,0,0,0,0,1
35,81,4,0,15,0,8,20,0,16,11,0,0,0,9,406
0,0,0,0,0,0,0,0,0,0,0,0,0,0,0,0
11,1,2,0,14,0,6,0,3,0,3,15,0,0,0,14
6,7,0,1,8,6,6,0,0,0,0,0,0,0,0,16
34,3,2,0,30,0,8,0,14,0,6,0,0,0,2,41
0,0,0,0,0,0,0,0,0,0,0,0,0,0,0,0
0,2,0,1,0,0,0,0,0,0,0,0,0,0,0,6
4,1,0,0,1,0,2,0,0,0,0,0,0,0,0,24
0,1,0,0,1,0,0,0,0,0,0,0,0,0,0,7
1,0,0,0,0,0,0,0,0,0,0,0,0,0,0,0
40,23,0,1,18,0,4,0,11,0,2,18,2,0,67,69
18,4,0,1,1,0,2,0,0,0,0,0,0,0,4,15
17,3,0,0,2,0,2,0,0,0,0,0,0,0,4,31
8,6,2,0,4,0,0,0,0,0,0,0,0,0,3,22
9,5,0,0,2,0,2,0,0,0,0,0,0,0,4,7
3,4,2,0,1,0,0,0,0,0,3,0,0,0,0,7
0,0,0,0,0,0,0,0,0,0,0,0,0,0,0,0
0,0,0,0,0,0,0,0,0,0,0,0,0,0,0,0
6,0,0,0,0,0,0,0,0,0,3,0,0,0,0,31
32,20,2,0,14,0,2,2,0,0,0,0,0,0,0,50
14,16,0,0,13,0,4,0,0,14,0,0,0,0,2,51
12,6,2,0,15,0,0,0,0,0,0,0,0,0,0,27
2,0,0,0,0,0,0,0,0,0,0,0,0,0,0,4
4,4,0,1,10,0,0,0,22,0,5,0,0,0,3,15
8,2,0,0,9,0,0,0,8,0,4,0,0,0,3,7
8,5,0,2,12,0,0,0,18,0,2,0,0,0,3,17
0,0,0,0,0,0,0,0,0,0,0,0,0,0,0,0
12,2,0,1,6,0,0,0,6,1,0,0,0,0,0,15
18,10,0,0,5,0,2,0,0,0,0,0,0,0,4,39
25,5,0,0,2,0,4,0,0,0,0,0,0,0,0,16
16,7,0,1,10,0,0,0,0,0,0,0,0,0,0,18
83,52,6,0,54,0,12,9,4,0,35,0,2,0,7,291
55,19,2,0,18,0,0,2,34,0,7,60,0,0,9,43
13,39,0,0,18,0,4,4,13,0,0,0,0,0,0,47
0,1,0,0,0,0,0,0,0,0,0,0,0,0,0,16
17,8,2,0,5,0,0,0,8,0,0,0,0,0,0,16
28,10,2,0,27,2,2,0,16,0,0,23,0,0,3,51
22,13,0,3,2,0,2,0,0,29,0,0,0,0,0,10
38,4,2,0,15,0,8,0,11,0,8,18,0,0,13,130
84,44,4,0,68,4,14,16,61,13,0,8,2,0,47,276
21,0,2,0,8,0,0,0,0,11,3,0,0,0,2,16
7,9,0,1,28,0,5,0,30,0,0,24,0,0,2,126
97,33,6,0,62,4,6,12,9,16,3,0,0,0,3,163
11,4,0,1,28,0,4,0,0,0,0,0,0,0,0,43
21,2,0,0,1,0,0,0,0,0,0,0,0,0,2,7
16,11,4,1,3,4,2,2,0,0,46,0,0,0,2,63
5,2,0,0,10,0,2,0,25,0,0,0,0,0,0,54
2,1,0,0,0,0,0,0,0,0,0,0,0,0,0,1
26,0,2,1,3,2,0,0,0,0,0,0,0,0,2,15
6,8,0,1,8,0,2,0,0,0,4,24,0,0,0,23
5,1,2,0,0,2,0,0,0,0,0,0,0,0,8,1
3,0,0,0,3,0,0,0,0,0,0,0,2,0,0,6
1,2,0,0,0,0,0,0,0,0,0,0,0,0,2,6
3,1,2,0,4,0,0,0,0,0,0,0,2,0,2,7
4,4,0,0,0,0,0,0,0,0,0,0,0,0,0,7
1,0,0,0,0,0,0,0,0,0,0,0,0,0,0,1
7,11,0,1,18,0,2,2,6,16,0,0,0,0,0,25
15,41,0,0,5,0,2,0,0,4,0,0,0,0,0,27
8,9,0,0,24,0,0,0,2,0,4,43,2,0,5,48
3,9,0,0,0,0,0,0,0,9,3,0,0,0,0,23
38,28,2,0,36,0,4,0,0,0,17,0,2,0,13,168
1,3,0,0,4,0,0,0,0,0,101,274,0,0,0,11
0,0,2,0,2,0,0,0,0,0,0,0,0,0,0,0
13,12,0,1,11,0,4,0,5,13,0,0,0,0,0,25
35,8,4,0,42,0,0,2,47,0,11,12,0,47,32,210
8,35,0,0,5,0,0,0,0,0,3,0,0,0,0,35
14,17,4,0,12,0,6,0,0,0,27,41,0,0,0,84
0,0,0,0,0,0,0,0,0,0,0,0,0,0,0,0
21,11,4,0,35,0,9,0,35,4,3,15,0,0,2,47
16,37,4,0,39,0,6,0,18,0,6,0,0,0,15,66
0,0,0,0,0,0,0,0,0,0,0,0,0,0,0,0
0,0,0,0,0,0,0,0,0,0,10,24,0,0,0,2
0,0,0,0,0,0,0,0,0,0,0,0,0,0,0,1
0,0,0,0,0,0,0,0,0,0,0,0,0,0,0,0
0,0,0,0,0,0,0,0,0,0,0,0,0,0,0,0
3,0,0,0,0,0,0,0,0,0,0,0,0,0,0,4
6,11,0,1,9,0,2,0,0,20,0,22,0,0,0,10
0,3,0,0,0,2,2,0,0,0,0,0,0,0,0,7
2,8,0,0,0,0,0,0,0,0,0,0,0,0,0,6
4,8,0,0,0,2,2,0,0,0,0,0,0,0,0,7
0,0,0,0,0,0,0,0,0,0,0,0,0,0,0,0
0,0,0,1,0,0,0,0,0,0,0,0,0,0,0,0
0,0,0,0,0,0,0,0,0,0,0,0,0,0,0,0
0,0,0,0,0,0,0,0,0,0,0,0,0,0,0,0
0,0,0,0,0,0,0,0,0,0,0,0,0,0,0,3
0,0,0,0,0,0,0,0,0,0,0,0,0,0,0,0
0,0,0,0,0,0,0,0,0,0,0,0,0,0,0,0
3,2,0,0,8,0,0,2,0,83,8,0,0,0,0,55
0,0,0,0,0,0,0,0,0,0,0,0,0,0,0,0
0,0,0,0,0,0,0,0,0,0,0,0,0,0,0,1
0,0,0,0,0,0,0,0,0,0,0,0,0,0,0,0
0,1,0,0,0,0,0,0,0,0,0,0,0,0,0,2
10,129,2,0,5,0,0,34,0,2,0,0,0,0,0,127
0,1,0,0,0,0,0,0,0,0,0,0,0,0,0,1
10,6,0,0,18,0,5,0,37,0,3,0,0,0,0,24
0,0,0,0,0,0,0,0,0,0,0,0,0,0,0,1
0,0,0,0,0,0,0,0,0,0,0,0,0,0,0,3
0,0,0,0,0,0,0,0,0,0,0,0,0,0,0,1
0,0,0,0,0,0,0,0,0,0,0,0,0,0,0,0
0,0,0,0,0,0,0,0,0,0,0,0,0,0,0,1
0,0,0,0,0,0,0,0,0,0,0,0,0,0,0,0
0,0,0,0,0,0,0,0,0,0,0,0,0,0,0,1
0,0,0,0,0,0,0,0,0,0,0,0,0,0,0,0
1,0,0,0,0,0,0,0,0,0,0,0,0,0,0,1
0,0,0,0,0,0,0,0,0,0,0,0,0,0,0,0
0,0,2,0,2,0,0,0,0,0,0,0,0,0,0,0
0,0,0,0,0,0,0,0,0,0,0,0,0,0,0,0
0,0,0,0,0,2,2,0,0,0,0,0,0,0,0,0
1,0,0,0,0,0,0,0,0,0,0,0,0,0,0,1
0,0,0,2,1,0,0,0,0,0,0,0,0,0,0,2
23,4,0,2,0,0,0,0,0,0,0,0,0,0,3,3
3,3,2,0,2,0,0,0,0,0,0,0,0,0,0,20
0,0,0,0,0,0,0,0,0,0,0,0,0,0,0,0
2,0,0,0,0,0,0,0,0,0,0,0,0,0,0,0
0,0,0,0,0,2,2,0,0,0,0,0,0,0,0,0
0,0,0,0,0,0,0,0,0,0,0,0,0,0,0,3
0,0,0,1,0,0,0,0,0,0,0,0,0,0,0,0
5,0,0,0,0,0,0,0,0,0,4,48,0,0,0,5
1,0,0,0,0,0,0,0,0,0,0,0,0,0,0,0
2,0,0,0,0,0,0,0,0,0,0,0,0,0,0,4
0,0,0,0,0,0,0,0,0,0,0,0,0,0,0,0
0,0,0,0,0,0,0,0,0,0,0,0,0,0,0,0
0,0,0,0,0,0,0,0,0,0,0,0,0,0,0,0
0,0,0,0,0,0,0,0,0,0,0,0,0,0,0,1
0,4,0,0,14,0,0,0,0,0,31,193,0,0,0,1
0,0,0,0,0,0,0,0,0,0,0,0,0,0,0,0
0,0,0,0,0,0,0,0,0,0,0,0,0,0,0,0
14,36,4,0,18,0,2,0,0,0,0,10,6,0,0,81
3,2,0,0,0,0,0,0,0,0,0,0,0,0,6,3
2,18,0,0,6,0,0,0,0,0,7,23,4,0,0,18
2,4,0,0,0,0,0,0,0,0,0,0,0,0,6,3
1,16,0,0,7,0,0,0,0,0,8,33,4,0,0,17
90,97,0,0,9,8,10,0,0,0,0,0,0,0,0,153
5,2,0,0,0,0,0,0,0,0,0,0,0,0,2,0
5,0,0,0,0,0,0,0,0,0,0,0,0,0,2,1
3,1,0,0,0,0,0,0,0,0,0,0,0,0,3,6
3,2,0,0,0,0,0,0,0,0,0,0,0,0,0,3
12,3,0,0,11,2,2,0,2,0,0,0,0,0,11,43
11,0,2,0,0,8,0,0,0,0,0,0,0,0,0,4
41,92,2,0,42,0,2,19,0,11,5,0,6,0,2,167
13,7,2,0,5,0,0,0,0,27,17,57,0,0,6,16
0,0,0,0,0,0,0,0,0,0,0,0,0,0,0,3
1,1,0,0,0,0,0,0,0,0,0,0,0,0,5,0
1,1,0,0,0,0,0,0,0,0,0,0,0,0,4,0
5,3,0,0,0,0,0,0,0,0,0,0,0,0,3,1
4,4,0,0,0,0,0,0,0,0,0,0,0,0,3,0
25,2,0,0,13,0,6,0,0,0,0,0,0,0,0,60
0,0,0,0,0,0,0,0,0,0,0,0,0,0,0,0
4,0,0,0,0,0,0,0,0,0,0,0,0,0,2,7
5,1,0,0,0,2,2,0,0,0,0,0,0,0,6,2
0,0,0,1,0,0,0,0,0,0,0,0,0,0,0,0
1,0,0,0,0,0,0,0,0,0,0,0,0,0,0,3
2,0,0,0,0,0,0,0,0,0,0,0,0,0,7,4
3,0,2,0,3,0,0,0,0,0,0,0,0,0,6,10
8,2,0,0,0,0,2,0,0,0,0,0,0,0,0,10
13,14,0,0,1,2,2,0,0,0,0,0,0,0,0,12
7,30,0,0,3,0,0,2,0,16,0,0,0,0,0,17
4,11,0,0,19,0,0,0,21,10,0,0,0,0,0,23
21,19,2,0,17,0,6,2,14,0,0,19,2,0,20,85
11,4,0,0,0,0,0,0,0,3,4,0,0,0,0,26
0,5,0,0,2,0,0,0,0,0,0,8,0,0,0,8
5,7,2,0,3,0,0,0,0,0,0,0,0,0,0,10
2,7,0,0,3,0,0,0,0,0,0,0,0,0,0,13
4,7,0,0,4,0,0,0,0,0,0,8,0,0,0,9
17,9,4,0,32,0,4,0,50,0,6,0,0,59,2,57
70,37,0,0,28,2,10,29,17,25,3,0,2,0,20,103
29,20,2,0,8,0,3,0,0,0,0,0,0,0,4,53
24,9,2,0,6,0,0,0,0,0,0,0,0,0,12,26
20,3,2,0,8,0,0,0,6,0,0,0,0,0,3,21
5,7,0,0,0,0,0,0,0,0,0,0,0,0,3,9
1,1,0,0,0,0,0,0,0,0,0,0,0,0,0,1
22,20,4,0,40,2,11,0,23,0,12,40,0,0,0,121
10,7,0,0,8,0,0,0,17,21,0,0,0,0,7,33
6,0,0,0,0,0,0,0,0,8,0,0,0,0,0,9
31,79,0,0,24,0,8,0,4,9,3,0,0,78,34,142
13,5,0,0,0,0,2,0,0,0,0,0,0,0,4,17
31,6,4,0,19,0,2,0,0,3,14,0,0,0,4,67
21,5,0,0,30,0,4,0,41,21,0,0,0,0,5,55
43,41,0,0,31,0,2,4,8,12,10,16,2,0,10,128
4,7,0,0,20,0,0,0,0,0,0,0,0,0,2,88
20,8,2,1,23,0,2,0,43,0,0,13,2,0,13,48
25,12,0,1,12,0,2,0,6,13,3,22,0,0,10,43
32,6,0,1,8,2,2,0,0,0,0,0,0,0,4,22
3,2,2,0,2,0,0,0,0,0,0,0,0,0,0,1
3,2,2,0,2,0,0,0,0,0,0,0,0,0,0,1
4,2,2,0,2,0,0,0,0,0,0,0,0,0,0,1
2,4,2,0,2,0,0,0,0,0,0,0,0,0,0,2
24,3,2,0,32,0,4,0,33,15,3,0,0,62,0,140
6,0,2,0,6,0,0,0,0,0,0,0,0,0,0,31
50,52,4,0,45,0,4,13,16,36,32,0,0,0,5,221
3,2,0,0,0,0,0,0,0,0,0,0,0,0,3,4
2,2,0,0,0,0,0,0,0,0,0,0,0,0,0,10
1,2,0,0,0,0,0,0,0,0,0,0,0,0,0,6
3,3,0,0,0,0,0,0,0,0,0,0,0,0,0,5
1,2,0,0,0,0,0,0,0,0,0,0,0,0,0,6
1,2,0,0,0,0,0,0,0,0,0,0,0,0,0,6
3,2,0,0,0,0,0,0,0,0,0,0,0,0,0,3
3,3,0,0,0,0,0,0,0,0,0,0,0,0,0,5
5,6,0,0,0,0,0,0,0,0,0,0,0,0,0,5
4,1,0,0,0,0,0,0,0,0,0,0,0,0,0,3
14,1,2,0,10,0,0,0,0,0,3,0,0,105,0,49
3,0,0,0,0,0,0,0,0,0,0,0,0,0,5,6
9,4,0,0,1,0,0,0,0,0,51,65,0,0,4,6
1,0,0,0,0,0,0,0,0,0,0,0,0,0,7,3
1,0,0,0,0,0,0,0,0,0,0,0,0,0,7,4
15,2,0,0,17,0,0,0,10,45,30,77,0,0,12,45
20,1,0,1,23,0,2,0,10,0,0,0,0,0,0,36
42,8,2,0,29,0,4,0,3,0,3,0,0,0,14,87
10,0,0,2,3,0,0,0,0,6,0,0,0,0,8,11
12,105,0,0,12,0,0,4,0,2,0,0,4,0,4,78
57,29,0,0,16,0,6,0,0,1,4,0,0,0,11,195
19,11,0,0,7,0,3,0,0,0,0,0,2,0,0,96
1,5,0,0,0,0,0,0,0,0,0,0,0,0,4,3
2,0,0,0,0,0,0,0,0,0,0,0,0,0,5,4
3,3,0,0,0,0,0,0,0,0,0,0,0,0,2,7
2,3,0,0,0,0,0,0,0,0,0,0,0,0,4,0
18,8,2,1,10,0,0,0,7,0,0,13,0,0,6,39
17,36,0,0,15,0,0,0,6,68,0,0,2,0,0,61
44,90,4,0,33,2,6,0,29,21,0,0,2,0,49,105
6,6,0,0,0,2,2,0,0,0,0,0,0,0,9,8
15,7,0,0,0,0,0,0,0,0,0,0,0,0,9,9
12,6,2,0,10,0,0,0,33,0,0,24,0,0,9,2
12,4,2,0,4,0,0,0,0,0,0,0,0,0,9,12
33,0,2,1,3,0,0,0,0,0,0,26,0,0,11,35
15,11,0,0,23,0,0,0,22,0,3,0,0,0,7,49
12,10,2,0,20,2,2,0,21,0,0,0,0,0,12,33
20,5,2,0,23,0,2,0,13,0,0,0,0,0,4,31
15,7,2,0,19,0,0,0,9,0,0,0,0,0,12,26
1,1,0,0,0,0,0,0,0,0,0,0,0,0,2,2
0,0,0,0,0,0,0,0,0,0,0,0,0,0,0,2
3,2,0,0,0,0,0,0,0,0,0,0,0,0,2,1
2,0,0,0,0,0,0,0,0,0,0,0,0,0,2,5
22,6,0,0,14,2,3,0,5,21,0,0,0,0,17,105
4,2,0,0,0,0,0,0,0,0,0,0,0,0,0,7
10,6,0,0,0,0,0,0,0,0,0,0,0,0,0,7
5,1,0,2,0,0,0,0,0,0,0,0,0,0,0,2
2,0,0,0,0,0,0,0,0,0,0,0,0,0,0,8
43,19,2,0,21,0,2,0,0,0,0,0,0,0,6,146
19,27,2,0,32,0,4,0,27,0,0,0,6,0,2,116
19,0,4,0,23,0,0,0,0,0,0,0,0,0,4,19
28,11,2,0,25,0,0,0,0,0,0,0,2,0,3,34
1,0,0,1,5,0,0,0,0,0,0,0,0,0,0,2
20,7,4,0,27,0,4,0,0,0,4,0,0,0,4,24
6,3,0,1,11,0,0,0,9,3,0,0,0,0,0,18
29,7,2,0,9,0,2,0,0,0,0,0,0,0,24,35
19,2,4,0,10,0,6,0,5,19,0,0,0,0,3,32
5,0,0,0,0,0,0,0,0,0,0,0,0,0,7,2
2,0,0,0,0,0,0,0,0,0,0,0,0,0,2,5
13,8,2,1,15,0,6,0,13,0,0,8,0,0,5,36
3,0,0,0,0,0,0,0,0,0,0,0,0,0,0,5
20,14,2,0,15,0,0,0,0,0,7,0,0,0,8,95
16,10,2,0,8,4,4,0,0,0,0,0,0,0,2,99
27,45,4,1,14,0,0,0,0,0,2,14,0,0,7,82
29,39,2,1,6,0,0,0,0,0,0,14,0,0,7,82
29,86,0,0,59,0,2,8,4,17,24,9,2,86,10,278
45,8,4,1,23,0,2,0,12,39,10,46,0,0,10,47
11,5,0,0,1,0,0,2,0,0,0,0,0,0,0,15
16,13,0,1,14,0,0,0,5,0,0,0,0,0,15,26
13,2,0,0,9,0,0,0,4,1,0,0,0,0,4,16
23,8,0,1,9,0,0,0,7,0,0,0,0,0,0,24
15,45,2,0,8,0,2,0,0,0,0,0,2,0,9,47
1,0,0,1,0,0,0,0,0,0,0,0,0,0,0,3
9,5,0,0,7,2,2,0,0,0,0,0,0,0,0,15
6,0,0,0,2,0,0,0,0,0,5,24,0,0,0,41
19,4,0,0,6,0,2,0,0,0,0,13,0,0,6,22
3,1,0,0,0,0,0,0,0,0,0,0,0,0,0,0
0,0,0,0,0,0,0,0,0,0,0,0,0,0,0,0
2,3,2,0,1,0,0,0,14,0,0,0,2,0,0,2
3,1,0,0,0,0,0,0,0,0,0,0,0,0,0,6
4,0,0,0,2,0,0,0,0,0,3,0,0,0,3,20
0,0,0,0,0,0,0,0,0,0,0,0,0,0,0,1
8,0,0,1,9,0,4,0,0,0,17,0,0,0,0,93
7,5,0,0,5,0,0,0,0,0,0,22,2,0,0,59
37,7,0,0,2,6,6,0,0,0,0,0,0,0,2,36
11,77,0,0,35,8,18,5,0,0,0,0,0,0,0,64
18,57,0,0,64,4,12,0,18,0,0,0,0,0,0,49
0,0,2,0,0,2,0,0,0,0,0,0,0,0,0,2
39,138,6,0,10,4,20,0,0,0,4,0,0,0,0,108
4,2,0,0,2,0,0,0,0,42,21,0,0,0,0,36
0,0,0,0,0,0,0,0,0,0,0,0,0,0,0,0
17,47,0,0,4,0,2,2,0,0,2,0,0,0,0,98
0,82,0,0,25,0,2,15,27,0,0,9,0,0,0,84
0,0,0,1,0,0,0,0,0,0,0,0,0,0,0,2
5,36,0,2,6,0,0,6,0,1,0,0,0,0,0,32
8,44,2,0,21,0,2,10,16,0,3,0,0,0,0,88
0,0,0,0,7,0,0,0,0,0,0,0,0,0,0,0
4,21,0,0,21,0,0,3,0,0,0,0,2,0,0,49
22,5,0,1,7,2,4,0,0,0,0,0,0,0,0,52
8,0,0,0,14,0,0,0,3,51,4,0,0,0,0,40
4,0,0,0,32,0,4,0,0,0,6,0,0,114,0,114
99,8,2,0,10,8,2,0,0,0,0,0,0,0,0,70
1,0,0,2,5,2,2,0,0,59,0,0,2,0,0,6
6,6,0,0,3,0,2,0,0,0,0,0,0,0,0,19
7,3,2,0,13,0,4,0,0,0,3,0,2,0,2,92
14,1,0,0,7,0,2,0,7,0,0,0,0,113,0,47
1,2,0,0,0,0,0,0,0,0,12,0,0,0,0,16
35,221,4,0,11,8,33,8,0,0,10,0,2,0,0,159
18,151,0,0,10,6,28,0,0,0,0,0,2,0,0,87
2,59,0,1,4,2,2,2,0,0,0,0,2,0,0,16
9,87,0,1,8,0,0,3,6,0,0,0,0,0,0,29
36,5,0,1,7,6,0,0,0,0,0,0,0,0,0,28
4,29,0,0,0,0,0,2,0,13,0,0,2,0,0,68
0,2,0,0,0,0,0,0,0,0,0,0,0,0,0,2
19,34,0,0,11,0,2,2,11,11,0,0,2,0,10,59
31,6,8,0,7,2,0,0,0,0,3,0,0,0,2,40
11,4,14,0,229,0,2,0,0,0,0,0,18,0,0,62
15,58,2,0,14,0,0,11,0,14,2,0,2,0,0,167
2,0,0,0,16,0,0,0,0,50,24,40,0,35,0,66
41,105,0,0,8,0,12,8,0,0,0,0,0,0,0,93
1,0,0,0,6,0,4,0,0,3,16,75,0,0,0,36
0,0,0,0,6,0,0,0,0,142,31,12,0,0,0,85
0,0,0,0,0,0,0,0,0,0,0,0,0,0,0,0
8,5,0,1,4,0,0,0,0,0,0,0,0,0,0,18
1,0,0,0,0,0,0,0,0,0,0,0,0,0,0,0
4,4,6,0,26,0,0,0,0,0,12,0,0,48,0,59
8,9,0,0,3,0,0,2,0,11,0,0,0,0,0,9
0,0,0,0,0,0,0,0,0,0,0,0,0,0,0,0
0,0,0,0,0,0,0,0,0,0,0,0,0,0,0,6
0,2,0,0,0,0,0,0,0,0,0,0,0,0,0,4
0,1,0,0,0,0,0,0,0,0,0,0,0,0,0,1
33,71,0,1,2,16,22,0,0,0,0,0,0,0,0,53
0,0,0,1,7,0,0,0,0,0,0,0,0,0,0,23
0,1,0,0,12,0,2,0,0,0,0,10,0,0,0,11
6,35,0,0,25,0,6,12,5,40,10,0,2,0,0,84
10,4,0,0,9,0,0,0,6,0,0,0,0,0,0,29
27,58,14,0,180,8,14,0,0,0,3,0,4,0,0,124
14,5,0,0,21,0,4,2,0,8,4,0,0,0,0,86
0,0,0,0,0,0,0,0,0,0,0,0,0,0,0,0
51,152,0,0,16,12,23,3,0,0,3,0,0,0,0,160
12,19,0,1,8,0,0,0,0,0,0,0,0,0,0,11
3,2,2,0,11,0,0,0,33,89,9,33,0,0,0,66
25,53,0,0,15,0,6,2,7,0,6,0,0,0,7,101
1,45,0,0,9,0,2,17,0,0,10,0,2,0,0,151
10,28,0,0,8,0,2,0,0,0,0,0,0,0,0,42
13,34,2,1,4,0,2,2,0,0,0,0,0,0,0,40
13,70,0,0,19,0,0,6,0,5,0,0,0,0,0,91
0,0,0,0,0,0,0,0,0,0,0,0,0,0,0,0
1,0,0,1,0,0,0,0,0,0,0,0,0,0,0,2
0,27,0,1,8,0,2,9,8,0,0,0,0,0,0,42
35,58,0,0,13,0,0,9,0,6,3,0,2,0,0,81
0,0,0,2,5,0,0,0,0,0,0,0,0,0,0,1
0,1,0,0,0,0,0,0,0,0,0,0,0,0,0,0
14,1,0,1,7,0,2,0,0,0,0,0,0,0,0,39
0,16,6,1,57,0,0,0,0,0,0,0,16,0,0,2
8,61,0,1,4,2,4,0,0,0,0,0,0,0,0,29
1,4,0,0,5,0,0,0,0,68,0,0,0,0,0,8
2,0,0,0,0,0,0,0,0,0,0,0,0,0,0,0
0,1,0,0,0,0,0,0,0,0,0,0,0,0,0,0
11,18,2,0,2,0,0,0,0,0,0,0,0,0,0,6
0,0,0,0,0,2,2,0,0,0,0,0,0,0,0,0
5,0,0,1,8,0,4,0,0,12,0,0,0,0,0,49
5,0,0,0,9,0,0,0,0,30,0,0,0,162,0,34
14,30,2,1,19,2,8,8,0,0,0,0,0,0,0,93
5,2,0,1,4,0,0,0,4,0,0,8,0,0,2,13
9,65,2,0,10,2,2,0,0,0,0,0,0,0,0,58
9,5,0,0,6,0,2,0,0,0,2,0,0,0,2,45
2,0,0,1,2,0,0,0,0,0,0,0,0,0,0,8
5,7,0,0,3,0,0,0,0,0,4,0,0,0,0,26
0,0,0,0,0,0,0,0,0,0,0,0,0,0,0,0
0,28,0,0,21,0,4,2,10,0,0,65,2,33,0,51
1,0,0,0,0,0,0,0,0,0,0,0,0,0,0,1
0,0,0,0,0,0,0,0,0,0,0,0,0,0,0,0
11,12,0,0,18,0,0,0,101,23,7,0,0,0,0,123
4,1,0,0,1,0,2,0,0,0,7,0,0,0,0,7
13,1,0,0,0,0,0,0,0,0,0,0,0,0,0,0
0,8,0,1,0,0,0,0,0,0,0,0,0,0,0,3
48,153,2,0,18,4,34,6,0,21,3,0,2,0,2,336
0,3,0,0,0,2,0,0,0,0,0,0,0,0,0,0
33,243,0,0,12,14,29,0,39,0,10,0,0,0,0,228
11,58,0,0,24,0,2,3,29,0,5,0,2,0,0,180
6,8,8,0,37,0,4,2,0,0,9,0,0,108,0,107
8,14,0,0,5,0,0,2,0,0,0,0,0,0,0,44
20,115,0,0,17,2,2,21,0,4,0,0,6,0,0,145
22,3,2,0,24,0,2,0,13,0,0,0,0,0,0,57
0,0,0,0,0,0,0,0,0,0,0,0,0,0,0,0
0,0,0,0,0,0,0,0,0,0,0,0,0,0,0,0
0,0,0,0,0,0,0,0,0,0,3,0,0,0,0,0
9,6,0,1,4,0,0,2,0,0,0,0,0,0,0,29
26,129,4,0,36,0,2,26,38,0,7,0,0,0,0,231
12,3,0,0,5,0,0,0,0,59,0,0,0,0,0,8
2,0,2,0,8,2,2,0,0,10,4,0,0,0,0,30
0,0,0,0,0,0,0,0,0,0,0,0,0,0,0,10
2,36,0,0,2,0,0,10,8,0,0,0,0,0,0,26
3,1,2,2,3,0,0,0,0,103,0,68,0,0,0,17
0,0,0,0,1,0,2,0,0,0,3,0,0,0,0,36
2,35,0,0,3,0,0,0,0,11,0,0,0,0,0,41
14,28,4,0,16,0,2,7,10,0,5,0,2,0,0,49
7,3,6,1,4,0,0,0,0,0,11,39,0,0,0,7
4,5,0,1,1,0,0,0,0,0,0,0,0,0,0,14
5,11,0,0,7,0,0,0,0,134,6,0,0,0,0,69
2,1,0,0,22,0,6,0,49,0,26,0,0,0,0,204
0,0,0,0,0,0,0,0,0,0,0,0,0,0,0,0
7,0,0,0,1,0,0,0,0,0,0,0,0,0,0,5
34,34,0,0,8,0,4,0,0,0,0,12,0,0,0,65
10,3,4,2,2,2,2,0,0,0,0,0,0,0,0,14
17,4,2,0,8,0,0,0,11,0,8,25,2,0,0,47
8,18,0,0,12,0,2,2,0,6,0,10,0,120,0,56
11,9,2,2,11,0,0,0,9,0,0,12,2,32,0,29
7,12,0,0,41,0,3,0,7,22,0,0,0,0,0,87
17,7,0,0,49,0,4,0,60,27,5,15,2,0,0,163
16,0,2,0,2,0,0,0,0,0,0,19,0,0,4,31
22,4,2,1,10,0,2,0,0,0,0,0,0,0,0,33
6,1,0,0,3,0,0,0,0,0,0,0,0,0,0,4
0,0,0,1,7,0,0,0,0,0,0,0,0,0,0,5
9,10,0,0,25,0,12,0,0,0,8,0,0,0,0,25
1,21,0,0,5,0,0,0,0,0,0,0,2,0,0,29
0,0,0,0,0,0,0,0,0,0,0,0,0,0,0,0
1,0,0,1,0,0,0,0,0,0,0,0,0,0,0,3
7,117,0,0,9,0,0,0,0,0,3,0,0,0,0,50
0,0,0,0,0,0,0,0,0,0,0,0,0,0,0,0
2,6,0,0,3,0,5,0,0,0,0,0,0,0,0,27
4,0,0,1,0,0,0,0,0,0,0,0,0,0,0,5
2,0,0,0,16,0,0,0,0,0,5,0,0,0,0,109
9,8,2,1,9,0,4,0,0,3,3,0,2,0,2,59
8,0,0,0,1,0,3,0,0,0,5,0,0,0,0,17
13,15,0,0,8,0,0,0,0,0,2,0,0,0,0,85
12,78,2,1,13,0,0,0,3,0,0,0,0,0,0,61
24,7,0,0,1,0,0,0,0,0,0,0,0,0,0,19
0,0,0,0,0,0,0,0,0,0,0,0,0,0,0,3
5,35,0,1,0,2,4,0,0,0,0,0,2,0,0,29
5,2,0,0,5,0,0,0,0,0,13,27,0,0,0,103
18,8,0,0,3,0,0,0,0,0,3,33,0,0,0,13
3,0,0,1,2,0,0,0,0,0,0,59,0,0,0,5
7,2,0,0,0,0,0,0,0,0,0,0,0,0,0,27
9,1,2,0,4,0,0,0,0,0,3,27,2,0,0,31
0,0,0,0,0,0,0,0,0,0,0,0,0,0,0,4
0,0,0,1,1,0,0,0,0,15,5,0,0,0,0,10
10,4,0,0,5,0,0,0,0,228,5,11,0,0,0,201
5,0,0,0,17,0,0,0,0,0,8,17,0,279,0,109
8,0,2,0,18,0,6,0,0,242,52,17,0,0,0,346
14,7,0,0,21,0,4,0,87,3,27,15,0,350,0,158
0,0,0,0,16,0,0,0,0,0,8,0,0,300,0,5
7,0,0,0,3,0,0,0,0,5,5,0,0,0,0,65
2,8,2,0,3,0,2,2,0,0,0,0,0,0,0,31
133,23,10,0,19,0,4,0,0,0,7,29,2,0,13,224
19,39,0,1,9,0,2,2,6,9,4,0,0,0,0,67
13,0,0,2,3,0,2,0,0,0,0,0,0,0,2,15
3,3,4,0,2,2,0,0,0,0,0,0,0,0,0,14
20,0,2,3,1,0,0,0,0,0,0,0,0,0,0,8
3,3,0,0,1,0,2,0,0,2,0,0,0,0,0,2
2,1,0,0,0,0,0,0,0,0,0,0,0,0,0,1
36,27,2,0,24,0,2,0,24,0,7,0,0,0,5,76
0,0,0,1,0,0,0,0,0,0,0,0,0,0,0,2
5,18,0,0,10,0,2,0,0,1,3,0,0,0,2,77
4,0,0,0,18,0,0,0,0,5,2,0,0,0,0,35
43,117,2,0,11,6,12,4,0,0,2,0,2,0,0,86
19,4,2,0,21,0,2,0,0,8,7,0,0,0,0,69
37,8,0,0,18,0,2,2,84,0,7,0,0,0,3,85
18,26,4,0,4,0,4,0,0,6,24,0,0,0,0,124
25,2,0,0,5,0,0,0,2,0,0,15,0,0,0,17
0,0,0,0,0,0,0,0,0,0,0,0,0,0,0,0
3,53,0,0,12,0,2,9,0,31,0,0,0,0,0,63
14,7,2,0,10,0,4,0,0,0,13,17,0,0,0,78
20,10,2,0,20,0,2,0,0,2,24,0,0,0,0,236
1,2,2,0,8,0,3,0,0,24,0,0,0,0,0,10
8,2,0,0,4,0,0,0,24,4,0,0,0,0,0,78
16,2,2,0,2,0,2,0,0,6,7,0,0,0,0,21
26,0,0,0,0,0,0,0,0,0,0,0,0,0,0,16
22,1,2,1,4,0,2,0,0,0,0,25,0,0,0,6
28,35,0,0,27,0,0,0,45,0,0,0,0,0,2,43
31,90,4,0,14,0,7,12,0,0,10,0,2,0,2,123
3,134,0,0,7,4,17,3,0,15,36,17,0,0,0,189
0,0,0,0,0,0,0,0,0,0,0,0,0,0,0,0
0,0,0,1,0,0,2,0,0,0,0,0,0,0,0,3
0,0,0,0,0,0,0,0,0,0,0,0,0,0,0,0
7,3,0,0,1,0,0,0,0,0,0,0,0,0,0,36
17,50,0,0,17,0,2,11,0,0,0,0,0,0,0,92
14,4,2,0,30,0,6,0,0,0,47,0,0,406,0,110
0,0,0,0,4,0,0,0,0,3,22,0,0,280,0,19
8,1,4,1,4,0,0,0,0,0,4,0,0,0,0,20
0,0,0,0,1,0,2,0,0,0,6,12,0,0,0,2
15,94,0,0,16,4,10,0,39,3,0,0,2,45,0,181
14,7,2,0,22,0,4,0,31,17,3,13,2,0,0,40
35,13,4,1,19,2,2,0,0,0,0,0,8,0,0,15
0,0,0,0,0,0,0,0,0,0,0,0,0,0,0,2
8,5,2,0,2,4,6,0,0,1,0,0,0,0,0,9
26,0,2,2,2,2,0,0,0,0,0,0,0,0,0,9
11,2,0,0,2,0,0,0,0,0,23,67,0,0,0,6
23,7,2,0,4,0,4,0,0,2,2,33,0,0,0,87
9,13,0,1,6,0,0,0,6,0,0,0,0,0,0,11
25,1,0,0,0,0,0,0,0,0,8,38,0,0,0,51
12,0,4,0,0,4,0,0,0,0,0,0,2,0,0,3
10,179,2,0,6,0,2,10,0,0,0,0,2,0,3,116
3,0,0,1,1,0,0,0,0,0,0,0,0,0,0,23
1,18,0,0,15,0,2,0,0,7,0,0,0,0,0,34
4,2,2,0,4,0,0,0,0,0,0,0,0,0,0,7
10,0,0,2,0,0,0,0,0,0,0,0,0,0,0,10
40,54,0,0,10,14,16,0,0,0,0,0,0,0,0,78
17,104,0,0,9,8,20,6,0,0,5,25,0,0,0,171
0,0,0,0,0,0,0,0,0,0,0,0,0,0,0,0
0,0,0,0,0,0,0,0,0,0,0,0,0,0,0,0
11,2,0,0,0,0,0,0,0,0,11,0,0,0,0,10
11,5,0,0,0,0,0,0,0,0,0,0,0,0,0,8
60,8,0,0,25,0,4,0,10,10,0,0,0,0,11,82
5,0,0,0,12,0,2,0,0,24,0,0,0,0,0,57
42,164,0,0,8,12,28,0,0,0,2,0,0,0,0,84
0,0,0,0,0,0,0,0,0,0,0,0,0,0,0,0
0,0,0,0,0,0,0,0,0,0,0,0,0,0,0,0
0,0,0,0,0,2,0,0,0,0,0,0,0,0,0,0
8,21,0,1,15,0,2,0,0,16,0,0,0,51,0,54
6,0,0,1,0,0,0,0,0,0,0,0,0,0,0,34
8,0,0,0,1,0,0,0,0,0,0,0,0,0,0,22
7,38,0,0,28,0,2,6,15,0,8,0,2,48,2,105
43,8,0,1,9,0,4,2,12,0,0,0,0,0,7,51
4,1,0,1,2,0,0,0,0,0,0,0,0,0,0,12
5,0,0,0,0,0,0,0,0,0,0,0,0,0,0,2
0,0,0,1,13,0,0,0,0,0,49,16,0,529,0,23
2,1,0,0,6,0,0,0,0,243,56,0,0,0,2,187
0,0,0,0,7,0,0,0,0,2,6,0,0,277,0,9
4,344,0,1,12,0,0,89,0,6,0,0,4,0,0,154
12,0,0,0,0,0,0,0,0,0,0,0,0,0,0,1
8,14,0,0,9,0,0,0,0,9,0,0,0,0,0,53
26,1,0,0,10,0,2,0,5,0,0,0,0,0,4,49
0,0,2,0,2,2,0,0,0,21,0,0,0,0,0,7
12,5,0,1,4,0,0,0,0,0,0,0,2,0,0,9
51,3,14,1,35,0,0,0,0,7,3,0,0,0,0,23
4,6,0,0,51,0,0,0,54,0,0,0,0,0,0,7
3,4,2,0,0,2,0,0,0,0,0,0,0,0,0,2
4,0,2,0,1,2,0,0,0,2,0,0,0,0,0,6
0,0,0,0,0,2,2,0,0,0,0,0,0,0,0,0
1,0,0,1,0,0,0,0,0,0,0,0,0,0,0,9
0,0,0,0,0,2,0,0,0,0,0,0,0,0,0,0
0,0,0,0,0,0,0,0,0,0,0,0,0,0,0,0
0,0,0,0,0,0,0,0,0,0,0,0,0,0,0,1
10,6,2,0,2,0,0,0,0,0,0,0,0,0,0,5
0,0,0,0,0,0,0,0,0,0,0,0,0,0,0,0
0,0,0,0,0,0,0,0,0,0,0,0,0,0,0,0
0,0,2,0,0,0,0,0,0,0,0,0,0,0,0,0
1,0,0,0,0,0,0,0,0,0,0,0,0,0,0,0
8,7,0,1,4,0,0,0,0,0,29,35,0,0,0,7
1,0,0,0,275,0,4,0,0,2,156,20,0,1150,0,248
1,2,0,1,45,0,0,0,0,0,0,0,0,0,0,7
12,3,2,2,4,0,0,0,0,0,0,0,2,0,0,14
12,49,0,0,13,0,0,0,22,0,0,0,0,0,0,51
0,0,0,0,0,0,0,0,0,0,0,0,0,0,0,0
29,18,0,1,3,0,2,0,0,0,6,19,0,0,0,30
3,0,0,0,1,0,2,0,0,0,4,0,0,0,0,66
14,6,2,1,3,2,2,0,0,0,0,42,0,0,0,28
0,0,0,0,0,0,0,0,0,0,0,0,0,0,0,0
0,0,0,0,0,0,0,0,0,0,0,0,0,0,0,0
9,0,0,0,0,2,0,0,0,0,0,0,0,0,0,2
0,0,0,0,0,0,0,0,0,0,0,0,0,0,0,0
0,0,0,0,0,0,0,0,0,0,0,0,0,0,0,0
0,0,0,0,0,0,0,0,0,0,0,0,0,0,0,0
7,4,2,0,3,0,0,0,0,0,0,0,2,0,0,10
13,9,2,0,1,4,2,2,0,0,0,0,0,0,4,38
5,3,0,0,6,0,0,0,0,8,3,0,0,0,0,63
22,8,0,2,7,2,0,0,32,0,0,0,2,0,2,35
0,0,0,0,0,2,0,0,0,0,0,0,0,0,0,2
0,0,0,0,0,0,0,0,0,0,0,0,0,0,0,0
0,0,0,0,0,0,0,0,0,0,3,0,0,0,0,0
0,0,0,0,0,0,0,0,0,0,0,0,0,0,0,0
0,0,0,0,1,0,0,0,0,0,2,0,0,0,0,1
10,0,6,0,3,4,0,0,0,0,14,0,0,0,0,25
8,0,2,0,3,0,0,0,0,0,5,0,0,0,0,22
3,10,0,0,2,0,2,0,0,0,0,0,0,0,0,16
6,7,0,0,1,2,2,0,0,0,0,0,0,0,0,2
12,6,4,1,4,6,2,0,0,40,0,0,0,0,0,18
26,15,0,1,13,0,4,2,0,0,13,36,0,0,0,136
7,14,0,0,9,0,6,0,0,7,28,35,0,0,0,132
3,0,0,0,2,0,0,0,0,52,7,0,0,0,0,9
0,0,0,0,0,0,0,0,0,0,0,0,0,0,0,21
0,1,0,0,20,0,0,0,0,0,74,0,0,635,0,79
0,0,0,0,15,0,0,0,0,0,22,0,0,355,0,100
0,0,0,0,10,0,2,0,0,0,17,0,0,288,0,16
1,0,0,0,5,0,2,0,0,0,19,21,0,256,0,49
5,0,0,0,10,0,2,0,0,1,22,30,2,304,0,264
4,2,0,0,26,0,0,0,0,0,201,27,0,403,0,694
10,0,2,1,2,0,2,0,0,0,3,0,0,0,0,6
5,24,0,0,6,0,2,0,0,0,0,0,0,0,4,102
4,1,0,0,0,0,0,0,0,0,0,0,0,0,0,9
4,5,0,1,2,0,2,0,0,0,45,0,0,0,0,56
0,0,0,0,0,0,0,0,0,0,0,0,0,0,0,0
13,0,0,1,9,0,0,0,17,4,0,0,0,0,0,14
12,11,0,0,0,0,0,0,0,14,0,0,0,0,9,10
2,0,0,0,0,8,4,0,0,0,0,0,0,0,0,4
0,0,0,0,0,0,0,0,0,0,0,0,0,0,0,2
1,11,0,1,11,0,0,0,0,0,0,0,0,0,0,19
25,13,0,0,29,0,0,0,30,0,0,0,0,0,0,27
2,0,0,2,3,0,0,0,0,0,0,10,0,0,0,6
4,4,2,0,1,0,0,0,0,0,0,0,0,0,0,15
4,2,0,0,0,0,0,0,0,0,0,0,0,0,0,4
34,8,10,2,4,0,0,0,0,0,8,15,0,0,0,16
2,4,0,0,2,0,0,0,0,0,0,0,0,0,0,7
0,0,0,0,0,2,2,0,0,0,0,0,0,0,0,0
0,0,0,0,0,0,0,0,0,0,0,0,0,0,0,1
0,0,0,0,0,0,0,0,0,0,0,0,0,0,0,0
0,0,2,0,0,4,0,0,0,0,0,0,0,0,0,1
3,0,0,1,0,0,0,0,0,0,3,0,0,0,0,1
0,0,0,0,0,0,0,0,0,0,0,0,0,0,0,1
33,266,2,0,22,0,30,11,22,0,8,57,2,0,0,348
8,3,2,0,17,0,5,0,0,2,49,51,0,313,0,145
0,0,0,0,9,0,0,0,0,0,24,0,0,108,0,33
8,2,0,0,10,0,4,0,0,2,38,17,0,0,0,163
4,4,0,0,0,0,0,0,0,0,0,0,0,0,4,6
1,0,0,0,0,0,0,0,0,0,0,0,0,0,0,0
26,190,0,0,6,24,50,5,0,0,20,0,0,0,0,101
5,1,0,1,11,0,0,0,15,19,0,0,0,0,0,9
135,2,2,0,12,8,4,0,6,0,0,0,0,0,8,98
64,11,2,0,16,0,6,0,13,0,8,24,0,0,2,50
0,0,0,0,0,0,2,0,0,0,0,0,0,0,0,2
17,0,4,2,4,4,0,0,0,0,0,0,0,0,0,8
0,0,0,0,0,0,0,0,0,0,0,0,0,0,0,0
0,0,0,0,0,0,0,0,0,0,0,0,0,0,0,1
7,21,0,0,9,0,2,0,0,9,0,0,2,0,0,109
7,0,2,1,0,2,2,0,0,0,0,17,0,0,0,8
25,10,4,0,8,0,0,0,0,0,0,132,0,0,0,30
0,0,0,0,0,2,2,0,0,0,0,0,0,0,0,0
0,0,0,0,0,0,0,0,0,0,0,0,0,0,0,0
0,0,0,0,0,0,0,0,0,0,0,0,0,0,0,1
0,0,0,0,0,0,0,0,0,0,0,0,0,0,0,2
1,0,0,0,0,0,2,0,0,0,0,14,0,0,0,9
0,0,0,0,2,0,0,0,0,0,0,0,2,0,0,0
10,5,0,0,11,0,2,2,0,0,11,0,0,0,0,96
5,4,0,1,3,0,2,0,0,0,0,0,0,0,0,9
17,56,0,0,2,2,6,0,0,0,15,0,2,0,0,114
12,123,2,0,3,0,0,8,0,0,0,10,0,0,0,83
142,27,6,0,30,0,3,4,0,0,0,0,4,0,4,160
47,22,4,0,20,0,0,0,6,0,0,0,2,0,2,29
11,1,0,0,5,0,4,0,0,47,0,0,0,0,0,36
74,40,4,1,13,2,6,0,0,0,0,13,2,0,7,45
20,8,2,2,10,0,0,0,0,0,0,0,0,0,0,25
7,10,2,2,6,0,2,0,0,0,0,0,0,0,0,12
6,3,0,2,0,0,3,0,0,0,0,0,0,0,0,9
1,0,0,2,0,2,0,0,0,0,0,0,0,0,0,4
0,0,0,0,0,0,0,0,0,0,0,0,0,0,0,0
0,0,0,0,0,0,0,0,0,0,0,0,0,0,0,0
8,7,0,0,1,0,0,0,0,7,0,0,0,0,3,6
36,14,2,0,6,0,0,0,0,0,0,0,0,0,6,17
11,0,0,0,1,2,0,0,0,0,0,0,0,0,0,7
7,0,0,0,2,0,0,0,4,0,2,0,0,0,0,11
0,0,0,0,0,0,0,0,0,0,0,0,0,0,0,0
0,0,0,0,0,2,0,0,0,0,0,0,0,0,0,0
0,0,0,0,0,0,0,0,0,0,0,0,0,0,0,6
15,58,0,0,6,0,2,4,0,0,0,0,2,0,0,30
1,7,0,0,0,0,0,0,0,0,0,0,0,0,0,2
3,1,0,0,1,0,2,2,0,29,0,0,0,0,0,6
22,2,6,1,6,0,2,0,0,0,23,35,0,0,0,39
9,1,0,0,2,0,0,0,0,0,12,29,2,0,2,7
9,6,0,1,1,2,4,0,0,0,3,0,0,0,0,10
17,4,0,0,19,0,2,2,46,0,5,0,0,0,0,30
23,5,0,0,15,0,6,0,0,22,2,0,2,0,7,67
0,0,0,0,0,0,0,0,0,0,0,0,0,0,0,0
0,0,0,0,0,0,0,0,0,0,0,0,0,0,0,0
15,5,2,1,3,0,0,0,0,5,0,0,0,0,14,21
1,0,0,0,4,0,0,0,0,0,0,9,0,0,0,21
0,0,2,0,0,0,0,0,0,0,0,0,0,0,0,0
33,0,0,0,2,0,0,0,0,0,0,0,0,0,0,10
6,12,0,0,7,0,0,0,0,0,6,0,0,0,0,19
0,0,0,0,0,2,2,0,0,0,7,0,0,0,0,2
10,2,0,0,6,0,2,0,0,8,3,0,0,0,2,67
0,0,0,0,0,0,0,0,0,0,0,0,0,0,0,3
0,0,0,0,0,0,0,0,0,0,0,0,0,0,0,0
0,0,0,0,0,0,0,0,0,0,0,0,0,0,0,0
0,0,0,0,0,0,0,0,0,0,0,0,0,0,0,1
0,0,0,0,0,0,0,0,0,0,0,0,0,0,0,0
0,0,0,0,0,0,0,0,0,0,0,0,0,0,0,0
6,3,2,0,2,0,0,0,0,0,0,0,0,0,0,2
2,3,0,0,1,0,0,0,0,0,0,13,0,0,0,2
15,4,0,0,11,0,4,0,0,0,6,0,0,0,2,70
7,0,2,0,3,0,0,0,0,1,0,0,0,0,0,14
0,0,0,0,0,0,0,0,0,0,0,0,0,0,0,0
13,144,0,0,7,6,30,5,0,0,19,0,4,0,0,204
20,1,10,1,4,0,4,0,0,0,0,0,0,0,0,12
2,0,2,0,2,0,0,0,0,0,0,0,0,0,0,2
10,2,0,0,0,0,0,0,0,0,0,0,0,0,0,54
0,0,0,0,0,0,0,0,0,0,0,0,0,0,0,0
1,0,0,0,0,0,0,0,0,0,0,0,0,0,0,0
0,0,0,0,0,0,0,0,0,0,0,0,0,0,0,0
0,0,0,0,0,0,0,0,0,0,0,0,0,0,0,0
0,0,0,1,0,0,0,0,0,0,0,0,0,0,0,6
0,0,0,0,0,0,0,0,0,0,0,0,0,0,0,0
0,0,0,0,0,0,0,0,0,0,0,0,0,0,0,0
7,65,0,0,11,2,18,11,0,0,9,0,2,0,0,144
8,10,0,1,2,0,0,0,0,10,9,21,0,0,0,16
3,3,0,1,0,0,0,0,0,0,0,0,0,0,0,3
0,1,0,0,1,0,0,0,0,31,0,0,0,0,0,10
2,1,0,2,2,0,0,0,0,0,0,0,2,0,0,9
24,15,0,0,7,2,4,2,0,0,0,0,2,0,0,19
8,0,0,0,3,0,2,0,0,0,0,0,0,0,0,21
7,3,0,0,0,0,0,0,0,0,0,0,0,0,0,0
2,3,0,0,2,0,0,0,0,0,0,0,0,0,2,16
4,0,2,0,0,0,2,0,0,0,0,0,0,0,0,13
2,0,0,0,3,0,2,0,0,0,0,0,0,0,0,39
4,0,0,0,0,0,0,0,0,0,0,0,0,0,0,1
5,0,0,1,6,0,2,0,0,0,5,18,2,54,0,70
4,2,0,0,8,0,2,0,0,0,74,178,0,0,0,7
16,16,2,2,8,0,10,0,0,0,4,23,2,0,2,108
30,14,0,1,23,0,2,0,17,5,0,0,0,0,9,24
3,0,2,0,3,0,0,0,0,0,3,18,0,0,0,13
2,0,0,0,4,0,0,0,0,0,58,168,0,0,0,12
4,9,0,1,24,0,2,0,33,0,3,29,0,0,0,41
3,0,0,0,0,0,0,0,0,0,3,0,0,0,0,19
0,1,0,0,1,0,0,0,0,0,0,36,0,0,0,5
13,56,0,0,25,0,2,14,0,17,3,0,0,0,0,448
68,15,0,0,30,0,8,0,26,59,3,0,0,0,0,68
17,69,0,0,48,0,5,26,40,8,39,0,6,0,0,357
13,6,0,1,4,0,2,0,0,0,0,0,0,0,3,10
2,0,0,0,7,0,0,0,0,0,56,164,0,0,0,8
7,3,0,1,3,0,2,0,0,0,2,14,0,0,0,18
10,5,0,1,1,0,2,0,0,0,3,0,0,0,0,37
18,7,2,0,22,0,0,0,5,1,3,12,0,0,15,29
28,15,2,0,14,0,0,0,10,0,4,0,0,0,7,42
30,7,0,0,2,2,6,0,0,0,22,0,2,0,0,90
38,0,4,1,10,0,4,0,0,0,0,0,0,0,0,28
0,0,0,0,0,0,0,0,0,0,0,0,0,0,0,0
0,0,0,0,0,0,0,0,0,0,0,0,0,0,0,0
7,7,0,0,2,0,2,0,0,0,0,18,0,0,0,13
0,0,0,0,0,0,0,0,0,0,0,0,0,0,0,0
1,0,2,1,0,0,0,0,0,20,0,0,0,0,0,12
1,0,0,0,0,0,0,0,0,0,0,0,0,0,0,2
0,0,0,0,0,0,0,0,0,0,0,0,0,0,0,2
1,1,2,1,2,0,2,0,0,9,3,26,0,0,0,31
3,5,0,1,0,0,0,0,0,7,0,0,0,0,0,16
7,12,2,0,1,0,0,0,0,0,0,24,0,0,0,30
0,0,4,0,2,2,0,0,0,0,0,0,0,0,0,0
0,0,0,0,0,0,0,0,0,0,0,0,0,0,0,0
0,0,0,0,0,0,0,0,0,0,0,0,0,0,0,0
0,0,0,0,0,0,0,0,0,0,0,0,0,0,0,0
0,0,0,0,0,0,0,0,0,0,0,0,0,0,0,0
0,0,0,0,0,0,0,0,0,0,0,0,0,0,0,0
0,0,0,0,0,0,0,0,0,0,0,0,0,0,0,0
0,0,0,0,0,0,0,0,0,0,0,0,0,0,0,0
1,0,0,0,0,0,0,0,0,0,0,0,0,0,0,0
0,0,0,0,0,0,0,0,0,0,0,0,0,0,0,0
1,1,0,0,0,2,0,0,0,0,0,0,0,0,0,2
14,6,2,0,3,0,4,0,0,0,10,18,0,126,0,64
14,10,4,0,2,0,2,0,0,0,18,0,0,0,0,27
6,3,0,0,3,0,2,0,0,0,0,26,0,0,0,5
0,0,0,0,0,0,0,0,0,0,0,0,0,0,0,0
7,0,0,0,0,0,2,0,0,0,3,0,0,0,0,23
19,5,2,0,9,0,0,0,0,104,38,0,0,0,0,78
2,3,2,0,4,0,2,0,0,0,121,0,0,0,0,110
1,4,0,1,3,0,0,0,0,0,8,27,0,89,0,8
4,2,0,0,6,0,2,0,53,4,0,0,0,0,0,43
101,31,0,0,7,0,2,0,0,2,0,0,0,0,0,21
0,0,0,0,0,0,0,0,0,0,0,0,0,0,0,6
2,0,0,0,7,0,0,0,0,0,3,12,0,0,0,166
11,1,2,0,5,0,0,0,0,31,10,0,0,0,0,91
8,1,4,0,10,0,0,2,0,0,0,0,0,0,0,58
0,0,0,1,0,0,0,0,0,0,0,0,0,0,0,2
40,12,2,1,5,0,4,0,0,0,0,0,0,0,0,52
0,0,0,0,0,0,0,0,0,0,0,0,0,0,0,0
3,1,0,0,5,0,0,0,0,188,0,0,0,0,0,6
2,1,0,0,0,0,0,0,0,0,0,0,0,0,0,0
13,25,2,0,2,0,0,0,0,0,0,0,0,0,0,11
94,36,6,0,29,0,6,10,0,0,0,0,2,0,14,201
68,17,0,0,42,0,2,0,52,0,0,12,0,0,0,92
3,0,0,0,5,0,0,0,0,44,0,11,0,0,0,95
7,5,2,0,0,10,4,0,0,0,0,0,0,0,0,9
4,0,0,1,0,0,4,0,0,0,0,0,0,0,0,47
0,0,0,0,0,0,0,0,0,17,0,0,0,0,0,3
6,2,4,1,2,4,4,0,0,0,0,0,0,0,0,34
0,0,0,0,0,0,0,0,0,0,0,0,0,0,0,0
0,1,0,0,0,0,0,0,0,0,0,0,0,0,0,1
17,4,0,0,7,2,8,2,0,4,0,12,0,0,0,58
0,0,0,0,0,0,0,0,0,1,0,0,0,0,0,0
0,0,4,0,5,0,0,0,0,0,52,90,2,0,0,12
0,0,8,0,2,18,0,0,0,0,0,0,0,0,0,3
5,0,0,0,0,0,0,0,0,0,0,0,0,0,0,3
0,0,0,0,0,0,0,0,0,0,0,0,0,0,0,0
3,0,0,1,2,0,0,0,0,0,0,0,0,0,0,10
4,1,0,3,1,2,2,0,0,0,0,0,0,0,0,4
10,8,6,0,4,2,2,0,0,0,0,0,2,0,4,13
0,0,0,0,0,2,0,0,0,0,0,0,0,0,0,0
0,0,0,0,0,0,0,0,0,0,0,0,0,0,0,1
100,138,4,0,54,0,14,22,0,33,20,0,4,0,2,558
8,2,0,1,4,0,0,0,0,6,0,89,0,0,0,15
0,0,0,1,0,0,0,0,0,0,0,0,0,0,0,5
0,0,0,0,0,0,0,0,0,0,0,0,0,0,0,0
3,6,0,0,46,0,4,0,0,0,57,35,0,483,0,273
0,0,0,0,0,0,0,0,0,0,0,0,0,0,0,1
1,4,0,1,0,0,0,0,0,0,0,0,0,0,0,0
0,0,0,0,0,0,0,0,0,0,0,0,0,0,0,0
31,0,4,1,7,2,0,0,0,0,4,0,0,0,0,27
0,0,0,0,0,0,0,0,0,0,0,0,0,0,0,0
16,26,0,0,19,2,4,0,0,0,0,0,0,55,4,48
11,3,2,0,1,0,2,0,0,1,0,0,0,0,0,13
28,1,2,0,3,2,3,0,0,0,0,46,0,0,0,36
0,0,0,0,0,0,0,0,0,0,0,0,0,0,0,0
3,0,0,0,2,0,0,0,0,0,0,0,0,0,0,5
9,0,0,0,0,0,4,0,0,0,3,0,0,0,0,27
4,2,0,0,2,0,0,0,0,0,17,62,0,0,0,12
3,5,2,1,0,0,0,0,0,0,0,0,0,0,0,46
2,1,0,0,0,0,0,0,0,22,0,0,0,0,0,20
1,1,4,0,2,8,0,0,0,0,0,0,0,0,0,4
10,0,0,0,1,0,2,0,0,0,0,0,0,0,0,18
1,2,0,0,0,0,2,0,0,0,5,0,0,0,2,17
2,0,0,0,1,0,0,0,0,89,0,0,0,0,0,40
0,0,0,0,0,0,0,0,0,0,0,0,0,0,0,0
0,0,0,0,0,0,0,0,0,0,0,0,0,0,0,0
8,0,2,0,3,6,6,0,0,0,0,0,0,0,0,8
0,0,0,0,0,0,0,0,0,0,0,16,0,0,0,2
0,0,0,0,0,0,0,0,0,0,0,0,0,0,0,0
5,0,0,0,0,0,0,0,0,0,0,0,0,0,0,6
6,3,0,1,22,0,0,0,26,0,0,0,0,0,0,17
3,3,0,0,1,0,0,0,0,0,0,0,0,0,0,2
31,12,0,0,32,0,8,0,39,58,3,0,0,0,4,167
0,0,0,0,0,0,0,0,0,0,0,0,0,0,0,0
0,0,0,0,7,0,0,0,7,0,0,0,0,0,0,20
0,2,0,0,2,0,2,0,0,0,0,0,0,0,0,4
15,4,0,0,1,2,8,0,0,0,0,0,0,0,2,93
1,0,0,0,0,0,0,0,0,0,0,0,0,0,0,3
1,0,0,0,0,0,0,0,0,0,0,0,0,0,0,1
14,3,0,1,1,0,0,0,0,0,3,18,0,0,0,8
21,6,0,0,2,0,0,0,0,0,0,0,0,0,0,14
17,1,4,0,3,4,0,0,0,0,0,0,0,0,0,16
10,1,0,1,1,0,0,0,0,0,0,0,0,0,0,15
16,2,2,0,4,0,0,0,0,0,0,0,0,0,0,15
39,6,2,0,18,0,2,0,8,5,0,0,0,0,0,89
37,18,4,0,19,0,2,0,0,11,0,0,2,0,0,54
0,0,0,0,0,0,0,0,0,0,0,0,0,0,0,0
0,0,0,0,0,0,0,0,0,0,0,0,0,0,0,0
12,1,0,1,2,0,0,0,0,0,3,0,0,0,0,31
0,0,0,0,0,0,0,0,0,0,0,0,0,0,0,5
2,0,2,1,0,0,0,0,0,2,13,28,0,0,0,5
4,5,2,0,5,0,2,0,0,72,9,17,2,0,0,47
9,3,4,0,2,12,4,0,0,0,3,0,0,0,0,11
0,0,0,0,0,0,0,0,0,0,0,0,0,0,0,0
0,0,0,0,1,0,0,0,0,0,0,0,0,0,0,11
11,19,0,2,17,2,2,0,0,0,0,0,0,0,0,16
19,4,0,0,9,0,2,0,0,0,0,0,2,0,0,47
1,0,0,2,0,0,0,0,0,0,0,0,0,0,0,16
3,4,2,0,3,0,0,0,0,81,7,10,0,0,0,60
42,3,4,0,10,6,10,0,0,0,0,0,0,0,0,60
8,4,0,0,26,0,0,0,0,0,28,0,0,202,6,142
52,0,2,0,18,0,4,0,0,29,10,49,0,0,0,76
8,13,0,1,10,0,2,2,0,0,0,0,2,0,0,29
34,15,2,0,18,0,2,2,0,21,0,0,4,0,7,65
39,61,0,0,8,2,11,0,0,0,13,0,2,0,0,125
15,12,0,1,10,0,6,2,8,0,6,15,0,0,2,40
35,88,0,0,7,10,27,8,0,0,3,0,0,0,2,167
8,16,2,0,14,0,0,0,51,15,7,45,0,0,0,24
46,92,2,0,5,8,10,0,0,0,5,0,2,0,0,112
19,106,0,0,8,14,26,8,0,0,0,0,0,0,0,214
12,162,2,0,8,6,18,0,0,0,0,0,0,0,0,117
19,0,0,0,0,2,0,0,0,0,0,0,0,0,0,19
34,105,0,1,6,0,4,6,0,0,0,0,0,0,2,89
0,0,2,0,5,0,2,0,0,17,0,0,0,0,0,1
5,3,0,0,14,0,7,0,27,51,0,0,0,0,0,56
3,0,0,0,11,0,0,0,7,5,0,0,0,0,0,50
0,7,0,0,26,0,2,0,0,0,12,0,0,308,0,52
1,0,0,0,0,0,0,0,0,29,4,9,0,0,0,20
0,0,0,0,0,0,0,0,0,0,0,0,0,0,0,0
0,0,0,0,0,0,0,0,0,0,0,0,0,0,0,38
21,276,0,0,10,4,15,0,0,0,3,0,0,0,0,125
0,0,0,0,0,0,0,0,0,0,0,0,0,0,0,0
5,2,0,0,21,0,4,0,39,52,0,0,0,0,0,121
18,8,0,1,10,0,0,0,17,0,0,0,0,0,0,19
3,0,2,1,6,0,2,0,0,0,0,0,0,0,0,18
28,19,0,0,3,2,8,2,0,0,0,0,0,0,0,57
2,2,0,0,6,0,0,0,0,29,19,23,0,0,0,60
1,0,2,0,5,0,2,0,0,23,5,0,0,0,0,67
44,9,0,0,10,10,8,2,0,0,0,10,0,0,0,46
1,8,0,0,0,0,0,0,0,0,0,14,0,0,0,5
1,3,2,0,3,0,0,0,0,17,0,0,0,0,0,9
37,59,2,0,27,10,10,2,13,0,0,0,4,0,0,141
1,0,0,0,24,0,2,0,45,46,0,20,0,114,0,32
0,0,0,0,0,0,0,0,0,0,0,0,0,0,0,0
0,0,0,0,0,0,0,0,0,0,0,0,0,0,0,4
17,87,0,0,7,6,6,0,0,0,0,0,0,0,0,32
18,4,0,1,12,0,0,0,15,0,0,0,0,0,2,57
27,0,0,0,3,0,2,0,0,0,0,11,0,0,0,61
28,25,0,2,2,0,0,0,0,0,0,0,0,0,0,19
3,0,0,1,15,0,0,0,12,0,0,14,0,0,0,28
0,0,0,0,7,0,0,0,0,74,0,0,0,0,0,5
20,57,2,0,8,4,14,2,0,13,0,0,0,0,0,78
31,39,4,0,8,0,4,0,0,0,0,0,0,0,0,65
4,5,0,0,0,0,0,0,0,0,0,0,0,0,0,1
9,1,4,0,7,10,2,0,0,0,2,0,0,0,0,65
27,71,2,0,22,8,16,0,5,0,2,0,2,0,0,97
17,73,0,0,11,0,8,0,0,0,0,38,0,0,2,62
8,6,0,0,17,0,0,0,28,0,0,11,0,0,2,50
0,0,2,0,2,0,0,0,0,0,0,0,0,0,0,2
0,0,0,0,0,0,0,0,0,0,8,0,0,0,0,21
42,69,0,0,13,0,8,0,0,0,3,0,0,0,6,137
0,1,0,0,0,0,0,0,0,0,0,0,0,0,0,2
18,108,0,0,5,0,10,0,0,0,0,0,0,0,0,48
20,118,0,0,1,8,6,2,0,0,0,0,0,0,0,44
2,0,2,0,1,0,0,0,0,0,0,0,0,0,0,2
22,71,0,1,3,8,8,0,0,0,0,0,0,0,2,31
26,58,0,0,9,0,10,0,0,0,0,0,0,0,4,94
11,3,2,2,2,0,0,0,0,0,0,0,0,0,0,18
3,47,0,2,2,0,0,8,0,0,0,0,0,0,0,13
41,9,2,0,7,4,6,0,0,0,5,0,0,0,2,45
0,0,0,0,0,0,0,0,0,0,0,0,0,0,0,0
0,0,0,0,2,0,0,0,4,54,0,0,0,0,0,6
7,2,0,0,0,0,0,0,0,0,0,0,0,0,0,0
6,32,2,0,26,0,2,0,79,0,0,0,0,0,0,71
20,5,0,0,5,4,4,0,0,0,0,0,0,0,0,27
81,5,0,0,6,6,4,0,0,0,0,0,0,0,0,89
0,0,0,0,0,0,0,0,0,0,0,0,0,0,0,1
8,2,0,1,4,2,4,0,0,0,0,0,2,0,0,27
0,2,0,0,0,0,0,0,0,0,0,0,0,0,0,1
8,5,4,1,12,0,0,0,0,0,0,0,0,0,0,94
28,131,4,1,8,10,10,0,0,0,0,0,2,0,0,133
0,2,0,0,0,0,0,0,0,0,0,0,0,0,0,0
7,1,0,1,17,0,0,0,0,22,0,0,0,44,0,35
0,2,0,0,0,0,0,0,0,0,0,0,0,0,0,1
33,115,0,0,30,2,14,0,0,0,3,0,6,0,0,198
12,192,0,1,8,6,6,0,0,0,3,0,0,0,0,65
0,0,0,0,0,2,0,0,0,0,0,0,0,0,0,2
24,3,2,0,4,6,2,0,0,0,0,0,0,0,0,27
0,1,0,1,6,2,0,0,0,0,0,0,0,0,0,24
8,0,0,0,16,0,0,0,14,11,22,100,0,100,0,66
4,16,0,0,2,0,2,2,0,0,0,0,0,0,0,30
2,20,0,1,3,0,3,0,0,25,0,0,0,0,0,9
38,13,6,1,11,6,2,0,0,81,0,0,0,0,0,77
0,0,0,0,1,0,0,0,0,0,0,0,2,0,0,2
4,0,0,0,12,0,0,0,0,0,6,0,0,153,0,34
14,19,0,0,5,0,0,0,0,0,0,0,0,0,0,18
14,25,0,1,0,0,0,0,0,0,0,0,0,0,0,20
0,0,0,0,9,0,0,0,0,0,7,0,2,0,0,45
5,0,0,0,0,2,2,0,0,0,3,0,0,0,0,75
5,5,0,0,23,0,4,0,20,1,4,0,0,0,0,47
8,2,0,1,37,0,2,0,3,0,24,0,0,286,0,59
0,0,0,0,0,0,0,0,0,0,0,0,0,0,0,0
0,0,0,0,2,0,0,0,0,0,0,0,0,0,0,2
3,2,0,0,0,0,0,0,0,0,0,0,0,0,0,20
0,0,0,0,2,0,0,0,0,0,0,0,0,0,0,13
2,0,0,0,0,0,0,0,0,0,0,0,0,0,0,5
0,25,0,2,0,0,0,0,0,0,0,0,0,0,0,10
7,10,0,0,0,0,2,0,0,0,0,0,0,0,0,2
11,83,0,3,2,2,2,0,0,0,0,0,4,0,0,10
0,0,0,0,1,0,0,0,0,0,0,17,0,0,0,1
12,11,0,0,47,0,2,0,11,0,3,0,0,57,0,93
10,6,0,1,12,0,0,0,21,55,0,0,0,0,2,18
22,47,0,0,1,2,4,2,0,0,0,94,0,0,0,32
5,5,2,0,14,0,2,2,47,0,3,11,2,0,0,26
3,2,0,0,0,0,0,0,0,0,0,26,0,0,0,31
4,29,4,1,8,0,0,0,0,33,0,22,0,0,0,15
25,46,0,0,9,0,4,10,0,0,0,0,0,0,6,89
3,1,0,0,4,0,0,0,3,31,0,0,0,0,0,15
0,2,2,0,16,0,7,0,0,0,11,0,0,156,0,53
3,3,0,0,3,0,2,0,0,39,9,19,0,0,0,33
2,0,0,1,3,0,0,0,6,0,0,0,0,0,0,71
6,1,0,1,8,0,2,0,24,0,0,0,0,0,0,31
8,4,0,2,14,0,0,0,0,6,0,0,2,0,0,17
2,2,2,0,25,0,2,0,0,36,35,0,0,144,0,126
0,1,2,1,2,0,0,0,0,0,0,0,0,0,0,0
19,164,0,0,11,2,22,13,0,0,7,27,2,0,0,182
17,6,0,1,4,0,0,0,0,0,2,0,0,0,0,20
18,8,0,0,6,0,0,0,0,0,0,0,0,0,0,27
8,2,0,0,2,0,0,2,0,0,0,0,2,0,0,0
21,12,2,0,2,0,2,0,0,0,0,0,2,0,0,30
20,4,6,1,7,2,2,0,0,0,3,0,0,0,2,7
70,4,0,0,10,16,6,2,0,0,0,0,0,0,0,83
37,10,4,0,6,0,0,0,0,0,5,0,0,0,0,27
18,5,0,0,2,0,0,0,0,12,0,0,0,0,0,15
18,37,0,2,5,0,4,6,0,0,0,0,0,0,3,30
43,70,0,0,12,4,2,2,2,0,0,0,2,0,0,84
10,11,0,1,8,0,0,0,0,16,0,0,2,0,2,46
12,1,0,0,6,0,0,0,0,0,0,0,0,32,0,5
26,1,2,0,14,0,0,0,21,0,3,0,0,0,0,22
5,3,0,2,7,0,0,0,0,24,4,21,0,0,0,34
6,2,0,0,10,0,0,0,10,6,0,0,0,0,0,35
19,38,0,0,3,4,2,2,0,0,3,0,2,0,0,39
25,25,2,0,9,0,0,4,0,0,0,0,0,0,3,68
16,12,0,0,2,0,2,0,0,0,13,0,0,0,0,117
45,17,0,0,10,2,2,0,4,0,0,0,4,0,5,37
18,19,0,1,11,2,2,0,5,0,3,0,0,0,0,35
45,15,6,0,31,2,4,7,12,0,4,0,6,0,0,81
42,13,6,2,6,0,5,0,0,0,0,0,0,0,0,19
15,1,0,0,0,0,0,0,0,0,0,0,0,0,0,10
13,7,0,0,0,0,2,0,0,0,0,0,0,0,0,13
17,4,0,1,4,0,0,0,0,0,0,0,0,0,0,48
28,9,0,1,6,0,0,0,0,0,0,0,0,0,2,41
13,8,2,0,10,0,4,2,0,0,0,0,0,0,0,77
13,3,0,0,1,0,0,0,0,0,0,14,0,0,0,9
7,3,0,1,1,0,0,0,0,0,0,12,0,0,0,8
22,11,2,0,25,4,8,2,0,0,0,0,0,0,2,56
22,3,2,1,8,0,0,0,0,26,0,0,0,0,0,18
9,1,0,0,0,0,0,0,0,0,0,0,0,0,0,6
17,23,0,1,6,2,2,2,0,0,0,0,0,0,2,20
4,4,4,0,11,0,0,0,4,37,3,0,0,0,0,23
20,5,0,1,3,0,0,0,0,0,0,0,2,0,0,9
82,18,6,0,26,0,8,0,13,39,5,0,2,0,2,116
56,23,0,0,8,0,2,0,0,11,0,0,2,0,2,89
41,12,6,1,7,4,2,0,0,0,0,0,0,0,8,13
5,3,0,0,0,0,2,0,0,8,0,0,0,0,0,18
14,8,0,1,5,0,2,0,0,0,4,0,0,0,2,18
14,20,0,1,1,2,2,0,0,0,0,0,0,0,0,8
23,34,0,0,18,0,2,4,28,5,13,0,0,0,0,173
23,25,2,1,6,0,0,2,0,0,3,0,0,0,0,11
21,22,2,0,13,0,0,0,0,0,0,0,0,0,0,52
15,11,6,3,9,0,0,0,0,0,0,0,0,0,0,11
7,4,0,0,5,0,0,0,0,8,0,0,0,0,0,13
20,20,0,0,7,0,4,0,0,0,4,158,0,0,2,38
21,13,2,2,7,0,2,0,0,0,0,0,2,0,2,40
19,4,0,0,5,2,2,0,0,0,0,0,0,0,0,21
3,5,2,1,7,0,0,0,15,24,2,0,0,0,0,25
31,42,0,0,8,0,3,0,0,0,0,0,0,0,0,131
20,6,0,0,0,0,0,2,0,0,0,0,0,0,0,7
10,17,2,0,8,0,2,0,0,53,5,0,2,0,0,35
11,0,2,1,4,0,0,0,0,0,0,0,0,0,0,8
18,25,2,1,12,0,0,0,0,0,0,14,0,46,0,39
8,4,0,0,9,2,2,0,0,0,0,0,0,0,0,10
27,14,0,2,5,0,0,0,0,77,0,0,0,0,2,25
7,9,0,1,3,0,0,0,0,15,0,12,0,0,0,12
9,3,0,1,3,0,0,0,8,0,0,0,0,0,0,16
20,10,2,0,10,0,0,0,0,0,0,0,0,0,0,16
18,27,2,2,3,0,0,3,0,0,0,0,2,0,0,55
60,34,2,0,25,0,2,0,0,0,0,11,0,0,0,151
12,4,0,0,2,0,8,0,0,0,4,0,0,0,0,23
62,36,2,0,14,0,2,2,0,0,0,0,0,0,0,85
9,4,0,2,4,2,0,0,0,7,0,0,0,0,0,2
38,28,8,0,32,2,4,2,0,7,0,30,4,0,0,71
18,12,0,3,2,2,2,0,0,22,0,0,0,0,0,6
20,8,0,1,4,0,0,0,0,0,0,10,0,67,0,27
10,3,0,1,0,0,0,0,0,0,0,0,0,0,0,2
41,39,0,0,9,6,10,0,0,0,0,15,0,0,0,51
26,14,0,1,2,2,4,0,0,0,0,0,2,0,5,33
18,15,2,0,11,0,4,0,11,0,0,0,0,0,2,92
20,20,2,1,5,0,0,0,0,0,0,0,0,0,0,36
21,23,8,0,12,2,0,2,0,51,6,0,0,0,0,62
72,15,4,0,30,0,6,0,0,12,0,0,0,0,3,109
7,3,0,0,0,2,2,0,0,0,0,0,2,0,0,2
19,5,0,0,7,0,0,0,0,0,0,0,0,0,0,43
27,10,2,3,4,0,0,0,0,0,0,0,0,0,3,11
3,1,0,0,0,2,2,0,0,0,0,0,0,0,0,1
22,11,2,1,5,0,0,0,0,0,4,18,0,0,0,42
15,7,0,0,5,0,0,0,0,0,0,0,0,0,0,23
63,21,0,2,8,0,2,3,0,0,0,0,0,0,0,33
8,32,0,1,1,0,2,0,0,0,4,0,0,0,0,44
18,33,0,0,2,0,0,0,0,0,0,0,2,0,0,21
13,28,0,1,5,0,4,0,46,0,0,0,0,0,0,24
22,7,2,0,5,0,0,0,0,0,0,0,0,0,0,5
15,19,0,0,8,0,6,0,0,15,5,0,0,0,0,21
9,6,0,1,2,0,0,0,0,0,5,0,0,0,0,28
7,0,0,0,0,0,0,0,0,0,0,0,0,0,0,2
28,11,0,2,5,0,0,0,0,0,0,0,0,0,5,52
15,6,0,0,2,0,2,0,0,0,0,0,0,0,0,38
16,3,0,1,0,0,0,0,0,0,3,0,0,0,2,17
16,3,0,0,9,0,2,0,0,0,3,0,0,0,0,65
11,2,0,0,1,0,0,0,0,0,0,0,0,0,0,16
29,21,0,0,16,0,6,0,0,0,0,0,0,0,5,75
5,7,0,1,2,0,0,0,0,0,3,0,0,0,0,14
24,8,2,1,5,0,0,0,0,33,0,0,0,0,0,25
11,14,2,0,0,0,0,0,0,0,0,0,0,0,0,48
43,31,2,1,17,6,6,4,0,0,0,0,2,0,4,52
10,5,0,0,1,2,0,0,0,0,0,0,0,0,2,12
6,16,0,0,0,0,0,0,0,0,0,0,0,0,0,2
21,54,0,0,4,0,4,0,0,0,6,0,0,0,0,95
3,3,0,0,0,0,0,0,0,0,0,0,0,0,0,2
9,10,2,0,6,2,2,0,0,0,0,0,0,0,0,40
20,16,2,0,2,0,0,0,0,0,0,0,0,0,0,10
43,77,6,0,29,2,6,13,40,4,2,25,0,0,4,165
22,4,0,0,2,0,0,0,0,0,0,0,0,0,3,20
3,3,0,0,2,0,0,0,0,13,0,0,2,0,0,6
18,34,0,0,1,0,0,0,0,0,0,0,0,0,0,24
55,51,0,0,18,0,2,0,30,2,0,0,0,0,17,67
38,2,0,1,4,0,0,0,0,1,44,34,0,0,0,42
36,29,4,2,2,0,2,2,0,0,0,0,0,0,0,17
9,2,2,1,7,2,0,0,0,0,0,0,0,0,0,15
4,9,4,0,6,0,0,0,0,45,32,0,0,0,0,201
35,4,4,0,12,2,4,0,0,0,0,0,0,0,2,85
14,13,2,0,4,0,0,0,0,0,0,0,0,0,4,74
46,55,0,0,12,0,2,4,21,3,0,31,0,0,12,93
18,4,0,1,3,0,0,0,0,0,0,0,0,0,4,25
15,9,0,1,11,0,2,0,9,0,0,0,0,0,0,17
29,7,0,0,17,0,0,0,0,0,0,0,6,0,0,59
50,2,0,0,10,2,10,0,0,0,0,0,0,0,0,69
18,6,2,0,6,0,0,0,0,53,0,0,0,0,0,18
33,20,0,3,1,0,0,0,0,0,0,0,0,0,0,11
18,7,0,1,8,2,2,0,0,0,4,46,0,0,0,16
20,20,4,0,15,0,0,0,0,0,0,0,0,0,3,34
26,4,0,0,2,0,0,0,0,0,0,0,0,0,6,11
15,4,2,1,9,2,2,0,0,0,0,0,2,0,0,6
6,1,0,0,13,0,2,0,0,0,2,0,0,0,0,59
23,15,4,2,10,0,4,0,0,0,0,25,2,0,0,51
13,33,0,2,1,0,0,0,0,23,0,0,0,0,0,21
10,7,0,0,0,0,2,0,0,0,0,17,0,0,0,10
17,2,0,2,7,2,2,0,0,0,0,0,0,0,0,6
13,39,0,0,4,0,0,2,0,1,0,0,0,0,0,104
22,76,0,0,7,16,30,6,0,0,4,0,0,0,0,81
11,10,0,0,0,0,0,0,0,0,0,0,0,0,0,11
48,42,2,0,16,0,6,2,3,0,19,0,0,91,21,151
21,61,2,0,18,0,10,0,26,0,0,0,0,0,5,120
17,3,0,1,8,0,2,2,0,0,0,0,0,0,0,18
18,11,2,1,7,0,6,0,0,0,0,0,0,0,0,33
21,9,4,1,10,0,0,0,0,0,0,0,0,0,0,20
42,27,6,0,36,0,2,0,0,12,4,0,2,0,7,96
2,3,0,0,13,0,0,0,0,27,2,0,0,0,0,136
2,2,0,0,3,0,2,0,26,0,0,0,2,0,0,4
6,5,0,0,0,0,0,0,0,0,0,0,0,0,0,2
7,0,8,1,8,0,0,0,0,0,0,0,0,0,0,17
37,9,2,1,9,0,0,0,0,0,0,0,0,34,2,26
40,56,4,0,14,0,0,0,0,0,0,0,4,0,0,115
47,12,0,0,8,0,0,0,0,26,0,0,0,0,0,48
30,14,6,1,9,0,0,0,0,0,0,0,2,0,0,18
12,3,2,0,5,0,2,0,7,0,0,0,0,0,0,18
10,4,0,0,1,0,0,0,0,0,0,0,0,0,0,1
14,6,0,0,0,0,0,0,0,0,0,0,0,0,0,14
15,1,2,1,4,0,0,0,0,0,0,0,0,0,0,7
12,6,0,0,2,0,0,0,0,0,0,23,0,0,2,11
78,47,2,3,3,6,0,0,0,0,0,0,0,0,10,59
76,11,2,0,22,0,4,0,0,0,0,13,0,0,2,73
3,1,0,0,0,0,0,0,0,0,0,0,0,0,0,5
13,5,0,1,1,0,0,0,0,0,0,0,0,0,0,7
35,12,0,0,25,0,2,0,6,0,8,0,0,106,0,156
42,42,2,0,21,0,11,6,0,0,8,0,0,0,0,93
19,17,0,0,27,0,5,0,0,9,5,0,0,128,0,151
15,3,2,0,5,0,0,0,7,0,0,0,0,0,0,44
37,6,0,0,19,0,6,0,12,48,0,0,0,0,0,95
0,0,0,0,0,0,0,0,0,0,0,0,0,0,0,4
10,5,0,2,0,0,0,0,0,0,0,0,0,0,0,7
31,74,0,0,1,4,12,0,0,0,0,20,2,0,0,54
17,16,6,0,8,0,2,0,10,0,0,0,0,0,0,39
11,2,2,0,2,0,0,0,0,0,0,0,0,0,0,10
24,5,2,0,2,0,0,0,0,0,0,0,0,0,2,11
23,25,0,0,6,0,6,0,9,0,0,0,0,0,0,16
17,19,0,0,6,0,7,0,0,0,5,0,0,0,2,61
4,4,0,1,5,2,2,0,0,0,0,0,0,0,3,19
18,6,0,2,12,0,0,0,0,0,0,0,4,46,0,7
35,34,0,0,8,0,10,0,0,0,0,0,0,0,0,40
27,3,2,0,10,0,2,0,8,35,0,0,0,0,4,59
15,13,2,2,7,0,0,0,0,0,0,0,0,0,0,65
33,143,2,0,13,2,16,0,0,0,0,0,0,0,0,125
54,10,2,0,13,0,2,0,0,0,0,0,0,0,0,60
18,23,0,0,9,0,2,4,0,13,10,30,0,0,0,106
49,15,4,1,2,0,0,0,0,0,0,0,0,0,4,29
21,14,4,0,16,0,4,0,6,0,0,0,0,0,0,65
21,16,6,0,25,0,2,0,11,0,0,17,2,0,0,108
24,17,4,0,21,10,10,0,24,0,8,0,2,0,0,141
15,10,0,0,11,0,2,0,0,132,22,0,0,0,0,57
78,69,0,0,8,12,18,0,0,0,6,47,0,0,2,109
6,6,0,0,1,0,0,0,0,0,0,0,0,0,0,1
36,8,0,0,14,0,0,0,0,109,27,13,0,0,3,48
23,57,0,2,20,0,4,6,0,0,0,0,0,0,0,93
19,3,0,0,1,0,0,0,0,0,0,0,0,0,0,12
15,8,2,1,1,0,5,0,0,0,0,0,2,0,0,32
26,20,6,0,11,6,0,0,0,0,3,0,0,0,0,134
21,24,2,0,3,2,4,0,0,32,3,28,0,0,2,58
10,13,0,0,0,0,0,0,0,0,0,0,0,0,0,3
8,13,4,0,5,0,4,0,0,0,3,21,0,0,4,74
16,8,0,1,3,0,0,0,0,7,0,0,0,0,0,14
14,28,0,0,3,0,2,0,0,16,0,0,0,0,0,41
37,56,2,0,5,4,0,2,0,0,0,0,0,0,0,34
10,9,2,1,20,0,4,0,0,3,6,0,0,203,0,30
29,15,0,1,6,4,4,0,0,5,0,11,0,0,0,37
26,4,0,1,10,0,2,0,16,0,0,0,0,0,0,54
21,31,0,0,20,0,3,8,0,11,3,0,4,0,0,129
71,3,0,0,30,2,8,0,19,0,0,12,0,0,7,134
35,27,2,0,12,2,13,0,0,1,11,0,0,0,0,103
23,24,0,0,35,0,4,0,5,0,20,0,0,195,3,142
31,34,0,0,19,0,0,0,22,19,0,0,2,0,0,85
35,51,4,1,14,0,0,15,0,0,0,0,2,0,2,102
25,116,0,0,10,6,22,7,0,0,0,0,0,0,2,149
6,0,0,1,1,0,0,0,0,0,2,37,0,0,0,12
15,6,0,0,8,0,0,0,5,57,3,0,2,0,0,28
32,94,2,0,12,2,0,4,0,0,2,0,0,0,0,112
15,2,0,0,2,4,2,0,0,0,0,0,0,0,0,8
20,7,4,0,6,4,0,0,0,19,6,0,0,0,0,35
7,9,0,0,2,0,4,0,0,0,0,0,2,0,0,4
18,7,0,1,12,0,0,0,0,11,0,0,0,0,0,49
10,4,0,0,5,2,0,0,0,0,0,0,0,0,0,19
10,20,0,0,0,0,0,0,0,7,0,0,0,0,0,7
10,3,0,1,4,2,0,0,0,0,0,0,0,0,0,13
7,4,2,0,6,2,0,0,0,0,0,0,0,0,0,17
9,0,0,0,0,0,0,0,0,0,0,0,0,0,2,14
14,10,0,0,0,4,2,0,0,0,0,0,0,0,0,5
19,24,0,0,3,2,0,0,0,0,0,0,0,0,0,2
18,35,0,0,5,0,4,2,0,3,0,0,0,0,2,61
77,33,4,0,26,0,2,0,18,0,0,0,0,0,0,48
0,2,0,0,0,0,0,0,0,0,0,0,0,0,0,2
4,5,2,1,3,0,2,0,0,0,7,0,0,0,0,24
10,2,0,0,2,0,2,0,0,0,0,0,0,0,2,19
21,20,0,0,7,0,0,0,11,0,0,0,0,0,0,52
11,13,2,0,0,0,0,0,0,0,0,0,0,0,2,11
28,15,0,0,10,0,2,0,0,0,0,0,0,0,2,33
60,7,2,1,4,0,0,0,0,0,0,0,2,0,2,25
30,22,0,0,12,0,4,2,0,21,0,0,0,0,2,63
46,31,2,0,24,2,6,0,4,3,0,0,0,0,0,68
13,0,0,2,0,0,0,0,0,0,0,0,0,0,0,17
20,19,0,2,8,2,2,0,0,0,0,0,0,0,0,33
3,2,0,0,0,0,0,0,0,0,0,0,0,0,0,10
30,23,0,0,5,0,10,0,0,0,6,0,0,0,2,84
35,76,2,0,9,0,6,0,0,0,3,0,4,0,2,35
23,28,0,1,3,0,0,0,0,0,0,0,2,0,6,17
12,1,0,0,0,0,0,0,0,0,0,0,0,0,2,15
26,6,0,0,0,2,2,0,0,0,0,0,0,0,0,7
41,29,2,1,12,0,8,0,0,0,0,0,2,0,5,54
15,9,0,0,0,0,0,0,0,0,0,0,0,0,3,4
22,86,0,0,24,0,4,0,9,0,7,0,2,152,4,63
4,0,2,2,2,2,2,0,0,33,0,0,0,0,0,19
59,17,2,0,12,0,0,0,0,0,0,0,0,0,0,59
14,5,0,2,4,0,0,2,0,0,0,0,0,0,0,29
14,4,0,0,2,0,2,0,0,0,4,0,0,0,0,12
34,7,6,0,17,0,2,0,0,0,0,0,0,0,0,133
33,32,6,0,11,0,0,2,0,0,2,0,0,0,0,89
22,168,2,0,11,0,4,19,0,0,7,0,0,0,0,268
14,24,0,0,0,0,2,0,0,0,0,0,0,0,0,13
21,29,2,0,5,4,2,0,0,0,0,0,0,0,2,60
40,39,4,0,18,0,4,0,0,7,0,0,4,0,0,83
7,1,0,0,8,0,2,0,0,0,3,0,0,0,0,11
7,1,0,0,0,0,0,0,0,0,0,0,0,0,0,1
17,6,2,1,4,0,2,2,0,0,3,0,0,0,2,24
21,20,0,0,11,0,4,2,0,42,0,0,0,0,0,48
28,4,0,0,13,0,5,0,0,15,3,0,0,0,0,67
5,13,2,2,6,0,0,0,0,0,0,0,0,0,0,30
14,13,2,0,21,0,3,0,12,44,0,0,0,0,0,88
47,54,0,0,3,2,2,0,0,0,0,37,0,0,0,36
7,5,0,2,6,0,0,0,0,4,0,0,0,0,0,19
17,4,2,0,6,0,3,0,0,0,0,0,0,0,2,44
17,10,0,1,9,0,0,0,0,0,0,0,0,0,2,26
30,2,0,1,3,0,2,0,0,3,12,0,0,0,0,56
22,4,0,0,2,0,2,0,0,0,33,61,0,0,0,17
35,22,2,2,17,2,2,2,0,0,0,0,0,0,0,39
9,3,0,0,12,0,5,0,0,5,0,35,0,0,0,95
23,21,0,1,3,0,2,0,0,0,0,0,0,0,0,44
15,4,0,0,3,0,0,0,0,6,2,0,0,0,2,25
29,15,2,0,3,0,0,0,0,61,0,0,0,0,13,36
11,39,2,1,9,0,0,0,2,0,0,0,0,0,0,82
27,22,0,0,5,0,0,0,0,0,0,0,0,0,0,32
35,16,0,1,16,0,6,0,0,0,0,0,0,0,4,58
22,56,0,0,26,0,4,22,23,0,0,0,2,0,8,144
23,35,0,0,8,0,10,2,0,0,3,0,0,0,2,71
22,8,0,0,14,0,2,0,0,23,3,0,0,0,0,53
12,13,4,0,3,0,0,2,0,0,0,0,0,0,0,23
11,2,0,0,10,0,0,0,5,0,0,0,0,0,0,7
1,1,0,2,1,0,0,0,0,0,0,0,0,0,0,2
6,8,0,0,1,0,0,0,0,0,0,0,0,0,3,6
59,61,2,0,11,10,22,4,0,0,0,0,2,0,0,125
65,47,2,0,6,20,24,2,0,0,4,0,2,0,0,103
15,9,0,0,2,2,2,0,0,0,0,0,0,0,0,0
17,5,4,0,14,0,0,0,6,0,3,0,0,0,3,28
14,7,0,0,10,0,4,0,11,0,0,0,0,0,0,28
19,4,2,0,10,0,0,0,0,0,0,0,0,0,0,43
5,2,0,0,2,0,2,0,0,0,19,0,0,0,0,41
11,4,2,1,2,6,2,0,0,0,0,0,0,0,0,13
8,7,2,0,4,6,4,0,0,0,0,0,0,0,0,15
64,43,2,0,12,0,10,6,0,7,3,0,2,0,19,91
13,4,0,0,2,0,2,2,0,0,0,0,0,0,0,15
30,7,2,0,9,0,2,0,0,0,0,40,0,0,2,30
24,4,4,0,6,0,2,0,0,3,9,72,2,0,0,57
19,8,0,3,6,0,2,0,1,0,0,0,0,0,0,20
7,2,0,0,0,0,0,0,0,0,5,0,0,0,0,32
25,11,0,0,18,0,0,0,0,0,2,0,0,0,2,52
8,19,0,1,16,0,2,0,13,0,2,11,2,0,0,54
7,1,2,0,4,0,0,0,0,0,3,0,0,0,0,17
11,7,0,0,1,2,3,0,0,0,0,0,0,0,0,7
9,3,0,1,0,0,0,0,0,0,0,0,0,0,0,14
10,8,0,2,0,2,2,0,0,0,0,0,0,0,0,7
9,11,0,0,2,0,0,0,0,0,0,0,2,0,2,1
74,98,10,0,22,2,28,0,0,0,0,0,0,0,0,227
20,16,0,0,9,0,2,2,0,5,8,0,0,0,0,40
21,3,0,0,2,2,2,0,0,0,0,0,2,0,2,2
21,1,4,2,5,0,0,0,2,0,0,12,0,0,0,16
27,21,4,1,11,0,2,0,0,0,0,0,0,0,5,35
24,5,0,0,3,0,0,0,0,0,0,0,0,0,4,25
17,9,0,0,3,2,2,0,0,0,0,0,0,0,2,16
11,1,2,0,0,0,0,0,0,0,5,20,0,0,0,35
9,6,0,0,4,0,4,0,0,0,0,0,0,0,0,22
11,13,0,1,3,0,2,0,0,0,0,0,0,0,0,24
20,27,2,1,7,0,0,0,0,0,3,0,0,0,2,32
34,26,2,0,9,4,4,7,0,12,2,0,2,0,0,67
10,0,0,2,10,2,2,0,0,9,0,0,0,0,2,4
19,9,2,0,6,0,2,0,0,0,0,0,0,0,2,22
14,16,0,0,17,4,2,0,0,0,5,0,0,152,0,45
28,16,0,0,14,0,2,0,0,8,0,12,0,0,0,63
33,19,2,0,4,0,4,0,0,0,0,0,0,0,4,114
13,4,0,1,2,0,2,2,0,0,15,0,0,0,0,41
16,25,2,1,4,4,2,0,0,0,0,59,0,0,0,63
2,1,0,0,3,0,0,0,5,13,0,0,0,0,0,16
1,0,0,0,8,0,0,0,0,56,0,0,0,0,0,34
0,2,0,1,0,0,0,0,0,0,0,0,0,0,0,1
0,0,0,0,2,0,2,0,0,0,0,0,0,0,0,13
1,1,0,0,0,0,0,3,0,7,0,0,0,0,0,34
0,0,0,0,1,0,0,0,0,0,0,0,0,0,0,17
2,0,0,0,1,0,0,0,0,30,0,0,0,0,0,25
55,27,0,0,22,0,0,10,0,0,0,23,0,0,5,76
1,0,0,0,0,0,0,0,0,0,0,0,0,0,0,0
2,1,0,0,0,0,2,0,0,0,0,0,0,0,0,23
0,0,0,1,1,0,0,0,0,8,0,0,0,0,0,8
2,0,0,0,2,0,0,0,0,11,0,0,0,0,0,2
0,0,0,0,4,0,0,0,0,0,0,42,0,0,0,2
9,0,0,0,0,2,0,0,0,0,0,0,0,0,0,1
4,0,0,1,1,0,0,2,0,0,0,0,0,0,2,6
5,0,0,0,7,0,0,0,0,0,0,0,0,150,0,16
7,7,0,1,3,0,0,0,0,0,0,0,0,0,0,35
0,0,0,2,0,0,0,0,0,0,0,0,0,0,0,2
1,4,0,0,14,0,0,0,11,7,14,0,0,0,0,82
2,1,0,0,0,0,0,0,0,0,0,0,0,0,0,7
0,2,0,0,0,0,2,0,0,10,3,14,0,0,0,15
2,0,0,0,1,0,5,0,0,0,0,12,0,0,2,33
1,0,0,1,5,0,0,0,0,69,0,0,0,0,0,7
11,7,0,0,1,0,0,0,0,0,3,40,0,0,0,20
2,2,2,0,17,0,4,0,13,0,12,158,0,0,0,30
0,0,0,0,0,0,2,0,0,0,0,0,0,0,0,17
8,0,2,0,3,0,0,0,0,36,8,0,0,0,0,80
1,0,0,1,0,0,0,0,0,54,0,0,0,0,0,31
0,0,0,0,2,0,2,0,0,0,0,0,0,0,0,13
2,0,0,0,0,0,0,0,0,0,0,0,0,0,0,9
4,0,0,1,2,0,0,0,0,77,0,0,0,0,0,2
0,1,0,1,2,0,2,0,0,0,0,19,0,0,0,32
26,9,0,0,16,0,0,0,0,7,3,0,0,0,0,51
3,0,0,1,1,2,0,0,0,0,0,0,0,0,0,3
19,17,0,0,12,0,4,0,7,7,2,0,0,0,0,103
13,8,0,0,3,0,3,2,0,16,6,0,0,0,9,61
0,0,0,1,0,0,0,0,0,0,0,0,0,0,0,0
35,10,2,0,11,0,0,0,0,0,0,0,0,0,0,81
0,0,0,0,0,0,0,0,0,0,0,0,0,0,2,7
0,0,0,0,0,0,0,0,0,0,0,0,0,0,0,0
23,2,2,0,4,0,2,0,0,0,3,27,0,0,0,47
3,2,0,0,1,0,3,0,0,0,0,0,0,0,0,30
0,0,2,2,8,0,0,0,0,3,0,16,0,0,0,3
6,1,0,0,17,0,0,0,6,0,0,0,0,0,0,29
7,1,2,1,4,0,0,0,0,5,0,0,0,0,0,60
0,0,0,1,1,0,0,0,0,0,0,0,0,0,0,13
3,0,0,0,4,0,2,0,0,49,2,0,0,0,0,24
16,7,0,0,6,0,2,0,0,0,0,12,0,0,2,35
0,0,0,2,1,0,0,0,0,0,0,0,0,0,0,15
4,1,2,0,65,0,0,0,0,66,0,0,0,129,0,90
19,84,2,0,37,4,16,0,0,3,12,0,6,74,2,295
20,38,2,0,14,0,0,0,0,0,93,0,0,418,0,154
7,6,0,0,4,0,6,0,0,72,10,43,2,0,0,109
12,4,0,0,8,0,0,0,0,1,6,0,0,75,2,35
13,9,6,0,9,0,2,0,0,0,3,0,0,0,0,17
9,2,2,1,6,0,3,0,0,0,53,0,0,0,0,189
14,20,2,0,9,0,0,0,0,5,4,0,0,0,2,63
29,12,6,0,9,0,6,0,0,68,6,0,2,0,2,125
2,0,0,2,6,0,2,0,0,66,7,10,0,0,0,59
11,1,0,0,0,0,2,0,0,0,0,0,0,0,0,31
10,15,2,0,22,0,6,0,0,0,52,22,0,0,0,263
7,17,4,1,6,0,4,0,0,4,2,0,0,0,0,21
7,3,0,0,9,0,9,0,0,91,6,0,2,55,0,71
14,27,0,0,12,0,6,0,0,5,10,0,2,0,0,101
8,0,0,0,1,0,2,0,0,0,0,0,0,0,0,8
0,0,0,0,0,0,0,0,0,0,0,0,0,0,0,0
1,0,0,0,2,0,0,0,0,0,3,0,0,0,0,83
0,0,0,0,0,0,0,0,0,0,0,0,0,0,0,3
0,0,0,0,0,0,0,0,0,0,0,0,0,0,0,0
0,0,0,0,9,0,0,0,0,193,59,0,0,0,0,40
20,8,2,3,2,0,0,0,0,0,0,0,0,0,0,15
8,4,0,1,7,0,2,0,0,1,4,0,0,0,0,66
0,6,0,1,0,0,0,0,0,0,0,0,0,0,0,5
1,0,0,0,0,0,0,0,0,0,0,0,0,0,0,0
14,0,0,2,2,0,0,0,0,1,3,15,0,0,7,29
0,0,0,0,0,0,0,0,0,0,0,0,0,0,0,0
10,7,2,1,13,2,4,0,0,0,4,0,2,0,2,30
5,0,0,2,4,0,0,0,0,0,0,0,0,0,0,9
4,11,0,0,8,0,11,0,0,0,25,0,0,295,0,74
1,0,0,1,0,0,0,0,0,0,0,0,0,0,0,1
8,1,4,1,1,12,0,0,0,0,0,0,0,0,0,6
7,0,2,0,0,2,0,0,0,0,0,0,0,0,0,4
5,3,4,1,2,4,2,0,0,0,0,0,0,0,0,3
12,4,4,0,6,0,0,0,0,0,2,0,0,0,0,8
1,0,0,0,0,2,2,0,0,0,0,0,0,0,0,7
0,4,0,0,6,0,2,0,0,0,0,0,0,0,0,6
5,0,2,0,2,0,0,0,0,0,0,0,0,0,0,32
7,11,0,0,7,0,0,0,0,0,0,13,0,0,0,31
0,0,0,0,0,0,2,0,0,0,0,0,0,0,0,5
5,1,2,1,1,0,0,0,0,0,0,0,0,0,0,1
7,12,0,2,2,0,0,0,0,0,2,0,0,0,0,19
11,1,4,0,12,0,0,0,0,23,25,0,0,142,2,146
5,3,0,0,11,0,0,0,0,0,0,19,0,0,0,30
19,13,0,2,3,0,0,0,0,25,0,0,0,0,0,12
1,3,0,1,2,0,0,0,0,0,0,0,0,0,0,5
3,1,0,2,5,2,2,0,0,0,0,15,0,0,3,17
1,0,0,0,0,0,0,0,0,0,0,0,0,0,0,4
4,7,0,1,3,0,0,0,0,0,13,41,0,0,0,39
1,0,0,0,0,0,2,0,0,0,2,0,0,0,0,20
3,49,0,0,12,0,0,0,0,19,0,21,2,0,0,74
11,2,4,0,6,0,8,0,0,0,14,0,0,0,0,89
18,4,2,1,5,0,0,0,0,0,0,0,0,0,2,24
8,3,0,0,19,0,12,0,0,92,40,0,0,0,0,318
13,20,4,0,13,6,17,0,0,0,0,36,0,0,0,54
19,19,0,0,5,0,4,0,0,0,0,0,0,0,0,34
0,1,0,0,0,0,0,0,0,0,0,0,0,0,0,1
5,12,2,0,7,0,0,0,0,89,8,0,0,0,0,89
9,0,0,1,11,0,2,0,0,77,42,0,0,0,0,95
10,0,2,0,9,0,2,0,0,0,13,0,4,0,0,143
5,4,0,0,10,0,0,0,0,0,6,19,0,218,0,73
11,4,0,0,3,0,0,0,0,0,0,37,0,0,0,77
9,24,0,0,9,0,2,3,0,4,28,0,4,134,0,91
19,8,0,0,7,0,6,2,0,3,41,0,2,0,2,227
5,0,2,0,11,0,4,0,0,8,48,0,0,216,0,179
44,32,2,0,11,0,4,2,0,0,5,0,0,84,0,72
21,2,0,0,0,2,2,0,0,0,0,0,0,0,0,12
7,7,2,1,3,0,0,0,0,0,0,0,0,0,0,22
12,0,2,0,2,0,2,0,0,0,2,0,0,0,0,8
4,1,2,0,4,0,0,0,0,4,0,0,0,0,0,29
6,0,2,0,3,4,2,0,0,0,3,0,2,0,0,3
10,3,2,0,17,0,6,0,0,15,14,0,0,335,2,123
19,0,2,0,2,0,0,0,0,0,4,0,0,0,0,4
2,6,2,0,2,0,0,0,0,0,18,0,0,0,4,13
18,9,0,0,2,0,0,0,0,21,0,0,0,0,2,51
13,2,2,0,7,2,2,0,0,0,4,0,0,0,0,30
6,7,0,0,8,0,0,0,0,0,0,58,2,0,0,46
2,3,0,0,3,0,2,0,0,0,0,0,0,0,0,9
21,1,2,0,2,0,0,0,0,0,0,0,0,0,5,42
8,3,0,0,6,0,2,0,0,0,47,48,0,0,12,138
11,0,0,1,0,2,0,0,0,0,0,0,0,0,0,6
8,2,0,0,2,0,0,0,0,0,10,18,0,0,0,18
6,0,0,0,0,0,2,0,0,0,0,0,0,0,0,36
7,2,0,0,2,0,0,0,0,0,10,0,0,0,2,49
24,4,2,0,6,0,0,0,0,0,15,0,0,0,0,57
16,3,2,0,12,0,0,0,0,0,0,32,2,0,0,24
5,0,2,0,5,0,0,0,0,76,16,24,0,0,0,20
21,4,2,0,2,0,2,0,0,0,3,0,0,0,0,29
0,6,2,0,8,0,0,2,57,0,12,0,0,0,0,74
4,4,0,0,6,0,0,0,0,0,0,11,0,0,0,36
12,3,0,1,0,0,0,0,0,0,0,0,0,0,0,5
38,0,6,0,6,0,3,0,0,0,0,17,0,0,0,37
11,6,0,0,13,0,2,0,0,0,6,0,0,144,0,27
6,0,2,0,0,4,0,0,0,0,0,0,0,0,0,22
4,1,0,0,6,0,6,0,0,0,7,82,0,0,0,50
5,4,0,0,10,0,2,0,0,0,27,0,0,0,0,196
6,0,0,1,0,0,2,0,0,0,3,0,0,0,0,22
43,1,2,0,10,0,0,0,0,0,0,0,2,0,0,37
17,5,0,0,6,0,0,0,0,0,0,0,0,0,0,38
1,1,0,0,0,0,0,0,0,0,0,0,0,0,0,4
1,0,0,0,0,0,0,0,0,0,0,0,0,0,0,0
2,2,0,1,1,0,0,0,0,0,0,11,0,0,0,7
11,2,4,0,3,0,2,0,0,0,5,14,0,0,0,38
9,3,0,0,3,0,2,0,0,0,12,0,0,255,0,23
5,2,0,0,9,0,4,0,0,0,3,0,2,0,0,49
8,0,0,1,0,2,2,0,0,0,0,12,0,0,0,20
8,2,0,0,5,0,6,0,0,0,9,0,0,0,0,55
11,1,0,0,1,0,0,0,0,0,0,10,0,0,0,7
10,2,4,0,3,2,0,0,0,0,0,0,0,0,2,34
5,0,0,0,7,0,5,0,0,0,119,0,0,0,0,188
11,3,0,0,3,0,0,0,0,0,0,0,0,0,0,16
14,0,2,3,6,4,4,0,5,18,0,0,0,0,0,13
20,4,2,0,7,2,0,0,0,0,0,0,0,0,0,212
8,0,0,1,1,0,0,0,0,0,4,0,0,0,0,43
5,1,0,1,1,2,2,0,0,0,0,0,0,0,0,40
4,22,0,1,5,0,4,0,0,72,0,0,0,0,6,35
5,3,6,2,3,2,0,0,0,0,0,0,0,0,0,4
0,9,0,0,1,0,0,0,0,0,0,0,0,0,0,8
12,2,4,0,6,4,4,0,0,0,0,0,2,0,0,1
5,6,2,0,10,0,0,0,0,0,0,0,0,0,0,22
31,16,0,0,7,0,2,0,0,0,11,40,4,0,0,51
15,5,0,1,1,0,2,0,0,2,0,0,0,0,0,24
4,0,0,0,2,0,2,0,0,0,0,0,0,0,0,65
7,12,0,1,2,0,0,0,0,0,0,0,2,0,0,6
3,3,2,1,7,0,2,0,0,0,0,0,0,0,0,28
4,1,0,0,0,0,0,0,0,0,0,0,0,0,0,2
20,9,0,2,2,0,2,0,0,0,0,11,0,0,0,28
4,4,2,0,2,0,0,0,9,0,0,21,0,0,0,8
8,3,0,1,0,0,0,0,0,0,8,20,0,0,0,5
26,52,2,0,16,0,0,0,0,0,0,0,2,0,0,28
0,0,0,0,0,0,0,0,0,0,0,0,0,0,0,2
15,16,2,1,17,2,6,0,0,0,10,0,0,130,0,130
9,0,4,0,1,0,6,0,0,0,6,0,0,0,0,15
7,3,0,0,0,2,0,0,0,0,0,0,0,0,0,4
5,9,2,1,8,0,0,2,0,0,4,0,0,0,0,10
7,5,0,0,1,2,2,0,0,0,0,0,0,0,0,3
6,0,0,1,1,0,0,0,0,0,4,0,0,0,0,18
6,0,2,0,2,4,2,0,0,0,0,0,0,0,0,16
3,3,0,0,2,2,2,0,0,0,0,0,0,0,0,22
2,3,0,0,4,0,0,0,0,0,3,24,0,0,0,24
6,3,0,0,3,2,4,0,0,0,3,0,0,0,0,30
16,3,0,2,0,0,0,0,0,0,0,0,0,0,0,5
0,1,2,0,2,0,0,0,0,0,0,69,0,0,0,0
0,0,0,0,0,0,0,0,0,0,0,0,0,0,0,0
10,0,0,0,0,0,2,0,0,0,0,0,0,0,0,7
11,2,6,0,10,0,8,0,0,0,11,19,0,0,0,57
0,0,0,0,0,0,0,0,0,0,0,0,0,0,0,0
13,3,2,0,9,0,0,0,17,22,2,0,0,0,0,49
7,26,0,0,4,0,2,0,0,0,10,13,0,118,0,76
14,7,2,0,9,0,0,0,0,0,3,40,2,0,0,40
6,1,2,0,2,4,2,0,0,0,0,0,0,0,0,19
6,1,0,2,1,0,0,0,0,0,0,0,0,0,0,2
3,5,2,0,3,0,3,0,0,0,2,0,2,0,0,2
16,1,2,0,21,0,0,0,98,0,45,0,0,0,0,151
7,7,2,0,56,0,10,0,0,101,86,19,0,0,0,620
9,9,2,0,2,0,0,2,0,0,0,0,0,0,0,7
34,6,2,0,7,6,4,0,0,0,0,0,0,0,0,44
5,4,2,0,3,0,0,0,0,0,0,0,0,0,0,8
8,0,0,0,0,0,0,0,0,0,4,0,0,0,0,16
21,6,0,1,12,0,0,0,0,0,0,17,0,0,0,26
8,1,2,0,4,4,2,0,0,0,9,39,0,0,0,16
9,0,2,0,2,0,0,0,0,0,0,0,0,0,0,33
22,4,2,1,2,0,2,0,0,0,0,0,2,0,5,28
0,0,0,0,0,0,0,0,0,0,0,0,0,0,0,1
5,9,0,0,1,0,2,0,0,0,9,29,0,0,0,16
1,2,0,0,0,0,2,0,0,0,0,0,0,0,0,16
12,0,2,0,2,0,0,0,0,0,6,0,0,0,0,10
7,5,0,1,4,2,6,0,0,0,5,0,0,0,0,19
0,3,6,0,1,4,2,0,0,0,0,63,0,0,0,7
2,20,0,2,0,6,8,0,0,0,0,0,2,0,0,11
15,8,0,3,0,4,4,0,0,0,0,0,0,0,0,20
6,2,0,1,4,2,0,0,0,0,0,0,0,0,0,9
7,1,2,0,9,0,4,0,0,0,8,0,0,0,0,31
10,11,2,0,10,4,2,0,0,0,9,0,0,0,0,39
6,0,6,0,10,0,0,0,0,0,0,9,0,0,0,23
12,12,2,0,4,0,0,0,0,0,0,13,0,0,2,40
8,0,0,0,2,0,0,0,0,0,0,0,0,0,0,7
1,0,0,0,0,0,0,0,0,0,0,0,0,0,0,4
15,5,0,0,1,0,3,0,0,0,3,0,0,0,0,35
14,2,6,0,4,0,0,0,0,0,0,0,0,0,0,19
24,3,0,0,0,0,2,0,0,0,3,0,0,0,0,20
0,0,0,0,0,0,0,0,0,0,0,0,0,0,0,0
0,0,0,0,0,0,0,0,0,0,0,0,0,0,0,0
0,2,0,0,0,0,6,0,0,0,0,0,0,0,0,49
13,4,2,1,4,0,0,0,0,0,10,0,0,0,0,59
8,0,2,0,2,0,2,0,0,0,0,0,0,0,2,22
3,0,2,0,0,0,4,0,0,0,0,0,0,0,0,34
1,0,0,0,1,0,0,0,0,0,0,0,0,0,0,3
0,4,0,0,0,0,0,0,0,0,0,0,0,0,0,2
2,3,0,0,1,0,2,0,0,0,28,0,0,0,0,39
20,2,2,0,4,0,0,0,0,0,9,105,0,0,0,102
3,4,2,0,7,0,2,0,0,0,5,0,0,0,0,14
5,0,2,0,1,0,2,0,0,0,29,24,0,0,0,42
1,0,0,0,1,0,0,0,0,0,0,14,0,0,0,3
7,0,2,0,0,0,2,0,0,0,3,12,0,0,0,6
6,0,0,0,0,0,4,0,0,0,0,0,0,0,0,10
40,3,10,1,8,2,2,0,4,3,0,57,0,0,2,98
3,0,2,0,0,2,0,0,0,0,5,21,0,0,2,9
16,3,2,0,4,2,0,0,0,0,0,12,0,0,0,65
3,1,0,0,0,0,3,0,0,0,0,0,0,0,0,4
1,0,0,0,1,0,2,0,0,0,7,39,0,0,0,10
4,2,0,0,1,0,0,0,0,0,0,0,0,0,0,23
2,0,0,0,0,0,0,0,0,0,4,0,0,0,0,10
3,0,0,0,3,0,0,0,0,0,2,32,0,0,0,12
7,0,0,0,3,0,3,0,0,0,7,0,0,0,0,45
1,0,0,0,3,0,0,0,0,0,11,54,0,0,2,17
6,0,2,0,2,0,0,0,0,0,0,0,0,0,0,21
2,0,0,0,0,0,0,0,0,0,0,0,0,0,0,9
3,0,0,0,1,2,0,0,0,0,0,29,0,0,0,10
0,0,0,0,0,0,0,0,0,0,0,0,0,0,0,1
7,316,4,0,18,0,4,183,0,0,0,0,2,0,0,668
2,0,2,0,6,0,2,0,0,0,0,11,0,0,0,20
28,4,0,1,7,0,0,0,0,0,0,0,0,0,0,16
18,1,2,1,4,0,0,0,0,0,2,12,0,0,0,20
0,0,0,0,0,0,0,0,0,0,0,0,0,0,0,2
0,1,0,0,0,0,0,0,0,0,0,0,0,0,0,0
21,49,4,0,28,0,2,7,24,5,3,0,2,0,2,142
25,7,2,2,4,0,0,0,0,0,0,0,0,0,2,18
40,5,2,0,10,14,12,0,0,0,0,0,2,0,0,46
38,3,0,0,0,4,0,0,0,0,0,0,0,0,0,17
0,0,0,0,0,0,0,0,0,0,0,0,0,0,0,6
5,0,2,0,0,6,2,0,0,0,0,0,0,0,0,16
4,12,0,0,2,0,0,3,0,0,0,0,0,0,0,189
24,0,4,0,11,0,0,0,0,0,0,60,0,0,0,64
5,0,0,0,2,0,2,0,0,0,8,0,0,0,0,11
4,6,2,0,2,0,6,0,0,0,27,124,0,0,5,39
17,73,2,0,7,2,14,0,0,0,3,0,0,0,0,103
0,0,0,0,0,0,0,0,0,0,0,0,0,0,0,257
0,0,0,0,1,0,2,0,0,0,0,0,0,0,0,4
5,6,0,1,0,0,0,0,0,0,0,0,0,0,0,11
39,10,2,0,3,4,2,0,0,0,0,0,0,0,0,35
0,1,0,0,0,0,0,0,0,0,0,0,0,0,0,8
5,123,0,1,1,0,2,0,0,0,0,0,0,0,0,36
10,3,0,0,1,0,0,0,0,0,17,0,0,0,0,34
13,1,0,0,3,0,4,0,0,0,6,11,0,0,0,12
25,0,0,0,2,0,2,0,0,0,10,70,0,0,0,85
0,0,0,0,0,0,0,0,0,0,0,0,0,0,0,0
26,5,0,0,1,0,4,0,0,0,23,76,0,0,0,107
23,5,0,0,1,0,2,0,0,0,20,55,0,0,0,101
7,0,2,0,2,0,2,0,0,0,0,0,0,0,0,46
28,3,2,0,1,0,2,0,0,0,2,0,0,0,0,38
7,7,0,0,0,0,0,0,0,0,0,0,0,0,0,7
17,43,2,2,5,0,2,4,0,0,0,9,0,0,0,32
11,32,0,1,3,0,0,2,0,0,0,0,0,0,9,27
12,43,0,3,4,0,4,2,0,0,0,0,0,0,14,25
20,34,2,2,4,2,2,2,0,0,0,0,0,0,6,29
12,26,0,1,0,0,2,2,0,0,0,0,0,0,3,6
18,36,0,1,4,0,2,2,0,0,0,0,0,0,0,41
21,14,2,0,6,0,0,2,0,1,6,81,0,0,0,123
8,0,0,0,7,0,0,0,0,0,0,0,0,0,2,35
14,1,0,0,29,0,0,0,28,0,0,0,0,0,0,80
14,1,4,0,7,0,4,0,0,12,0,17,0,0,0,95
15,7,0,0,7,0,4,0,0,0,40,15,0,0,0,185
22,7,0,0,8,0,6,0,0,0,27,16,0,0,0,190
4,3,0,0,2,0,0,0,0,0,0,0,0,0,0,17
15,0,2,0,8,0,2,0,0,0,15,0,0,0,0,17
31,1,2,0,2,0,0,0,0,6,3,28,0,0,2,125
30,2,4,0,1,0,0,0,0,0,3,28,0,0,2,130
33,1,6,0,1,0,0,0,0,0,3,41,0,0,2,118
30,1,4,0,1,0,0,0,0,8,3,45,0,0,2,117
0,0,2,0,2,2,0,0,0,12,0,17,0,0,0,23
0,0,0,0,0,0,0,0,0,0,0,0,0,0,0,0
0,0,0,0,0,0,0,0,0,0,0,0,0,0,0,4
0,4,0,0,0,0,0,0,0,0,0,0,0,0,0,11
1,0,0,1,3,0,0,0,0,0,0,0,0,0,0,2
7,1,0,1,0,0,0,2,0,0,0,0,0,0,0,1
0,0,0,0,0,0,0,0,0,0,0,0,0,0,0,0
0,0,0,0,0,0,0,0,0,0,0,0,0,0,0,0
6,3,0,1,1,0,0,0,0,2,0,14,0,0,0,8
7,6,0,0,7,0,2,0,0,0,0,0,0,0,0,26
6,0,0,0,0,0,0,0,0,0,3,0,0,0,0,45
8,11,0,0,5,2,2,0,0,0,0,0,0,0,0,24
4,0,0,0,4,0,0,0,0,0,0,0,0,0,0,21
4,6,0,0,0,0,0,0,0,29,15,15,0,0,0,12
7,6,0,0,12,0,0,0,5,0,11,0,0,0,0,37
26,168,0,0,22,0,6,0,0,45,10,0,2,0,0,270
2,2,2,0,3,0,0,0,0,0,0,0,0,0,0,18
2,0,0,0,0,0,0,2,0,0,0,29,0,0,0,2
5,2,0,0,0,0,0,0,0,0,0,0,0,0,0,2
0,0,0,0,0,0,0,0,0,0,0,0,0,0,0,6
4,1,0,0,1,0,2,0,0,0,4,0,0,0,0,24
24,0,2,1,14,0,0,0,0,0,6,0,0,0,0,71
2,0,2,0,0,0,0,0,0,0,0,0,0,0,0,7
2,0,2,0,0,0,0,0,0,0,0,0,0,0,0,0
2,0,0,0,5,2,0,0,0,17,0,18,0,0,0,38
0,2,0,0,0,0,0,0,0,0,0,0,0,0,0,13
28,27,0,0,53,0,6,4,73,0,13,0,2,0,10,280
2,6,0,0,5,0,2,0,0,1,27,0,0,0,0,48
2,1,2,0,5,0,0,0,0,0,3,18,0,0,0,29
7,0,2,0,6,0,2,0,0,0,164,0,0,0,0,114
19,1,6,0,2,6,0,0,0,0,4,43,0,0,0,53
7,16,2,0,6,0,2,0,0,0,0,0,0,0,0,26
0,0,0,0,0,0,0,0,0,0,0,0,0,0,0,0
10,0,0,0,0,6,6,0,0,0,19,0,0,0,0,40
1,0,0,1,0,0,0,0,0,0,0,0,0,0,0,0
0,0,0,0,0,2,6,0,0,0,9,0,0,0,0,31
16,0,4,0,7,0,0,0,0,0,2,87,0,0,0,117
3,0,0,0,2,0,5,0,0,0,7,0,0,0,0,23
2,1,0,1,1,0,0,0,0,0,0,0,0,0,0,3
11,0,2,1,2,0,0,0,0,0,2,34,0,0,0,31
2,2,2,0,6,0,0,0,0,0,6,0,0,0,0,43
7,0,0,1,12,0,0,0,9,0,27,0,0,0,0,15
5,0,2,0,2,0,0,0,0,0,12,0,0,0,0,14
4,2,2,1,0,0,0,0,0,0,0,0,0,0,0,26
2,4,2,0,1,0,0,0,0,0,0,0,0,0,0,22
86,1,30,0,17,2,0,0,0,0,3,223,0,0,0,217
0,1,0,0,0,0,0,0,0,0,0,0,0,0,0,4
5,0,0,1,1,0,2,0,0,0,3,0,0,0,0,6
0,2,0,0,0,0,0,0,0,0,0,0,0,0,0,1
2,0,6,0,5,4,0,0,0,6,0,19,0,0,0,41
0,0,0,1,0,0,0,0,0,0,5,15,0,0,0,12
1,0,4,1,0,0,0,0,0,0,0,0,0,0,0,34
29,1,6,0,11,2,0,0,0,0,12,285,0,0,0,76
13,139,0,0,7,10,30,0,0,0,0,0,4,0,0,90
59,10,8,0,14,4,6,0,0,0,0,16,2,0,0,95
5,0,2,0,5,2,0,0,0,0,0,0,0,0,0,32
2,0,0,0,0,0,0,0,0,0,0,0,0,0,0,1
2,0,0,0,1,0,0,0,0,0,0,15,0,0,0,9
14,12,0,1,3,0,0,0,0,0,8,47,0,0,9,6
17,12,0,0,7,0,4,0,0,17,3,0,0,0,9,104
11,0,2,0,31,0,5,0,52,2,6,14,0,0,0,52
46,13,0,1,23,0,2,0,0,0,7,20,2,244,0,32
10,13,0,1,12,0,2,0,11,3,0,0,0,0,3,20
22,10,0,0,13,0,0,0,0,0,0,0,0,0,6,28
41,20,2,0,24,0,0,0,7,25,0,21,4,0,29,63
12,11,0,0,30,0,7,0,39,0,0,0,0,0,2,68
24,78,0,1,18,0,2,11,3,0,0,28,0,0,9,106
23,6,4,0,13,0,6,0,30,8,0,0,0,0,9,95
45,22,4,1,15,0,8,0,0,22,10,46,0,0,14,93
88,17,2,0,11,4,6,2,0,0,0,18,2,0,8,54
22,19,2,0,9,0,8,0,0,0,0,0,0,0,3,56
23,14,0,1,5,0,2,2,0,0,0,0,0,0,21,67
26,6,0,1,15,0,0,2,47,0,0,0,0,0,0,2
8,5,0,2,5,0,4,0,4,0,0,0,0,0,2,19
4,2,0,0,27,0,0,0,6,5,0,0,0,0,0,26
9,6,0,0,3,0,0,0,0,0,15,0,0,0,0,39
20,24,0,1,9,0,0,0,18,0,0,0,0,0,5,37
46,14,4,1,12,2,0,2,0,76,10,0,0,0,2,56
25,19,0,1,12,0,0,0,14,0,0,0,0,0,9,78
40,57,4,0,13,0,0,7,0,0,2,0,0,0,14,112
30,256,0,0,24,0,2,13,0,20,6,0,6,0,6,215
80,51,2,0,34,0,4,0,0,0,0,0,2,0,6,89
23,29,0,0,11,0,5,4,52,0,12,42,0,0,16,59
8,5,0,1,5,0,0,0,0,0,0,0,0,0,0,15
25,16,0,0,24,0,0,0,9,2,0,0,0,45,0,51
26,9,4,0,23,0,0,0,71,31,4,0,0,0,7,60
35,19,0,2,9,2,4,0,0,0,3,0,0,0,14,25
16,25,2,0,37,0,5,0,25,9,3,30,0,0,9,89
11,13,2,0,9,0,0,0,0,41,3,0,2,0,3,32
17,4,4,0,10,0,2,0,0,39,0,16,0,0,3,16
39,9,2,2,9,0,2,0,0,0,0,0,2,0,2,13
15,12,0,1,14,2,4,0,0,0,0,69,2,0,0,58
17,21,2,1,4,0,0,0,0,0,0,0,0,0,4,39
4,11,0,1,0,0,0,0,0,0,0,0,0,0,2,16
12,48,0,0,23,0,2,0,0,0,20,0,2,194,14,58
36,16,2,0,18,0,4,0,19,0,0,0,0,153,7,56
17,17,0,0,0,8,8,0,0,0,8,0,0,0,0,13
33,3,2,0,21,0,0,0,0,2,2,0,0,95,0,45
16,12,0,2,16,4,6,0,2,0,0,0,2,0,0,48
29,19,2,0,18,0,2,0,3,2,0,0,0,0,0,56
22,13,2,1,22,0,0,0,12,0,0,17,0,0,0,30
5,9,0,1,22,0,5,0,18,0,0,0,0,0,3,40
161,35,2,0,68,2,5,2,7,47,28,0,0,0,2,304
38,3,0,0,11,0,6,0,0,19,0,0,0,0,0,39
43,29,0,0,8,0,0,0,0,0,21,13,0,0,4,58
33,28,0,0,10,4,6,4,0,0,11,0,0,0,19,107
72,10,4,0,28,0,4,0,49,0,11,8,0,0,2,97
26,8,0,1,51,4,6,0,17,5,0,0,2,0,4,53
29,14,0,0,22,0,0,0,0,29,7,24,0,0,30,73
10,3,2,0,17,0,4,0,18,7,0,11,0,0,0,36
70,10,2,0,36,0,6,0,4,31,21,0,0,0,4,90
21,8,2,1,31,2,6,0,18,0,0,10,0,0,5,54
21,19,0,0,11,0,3,0,0,0,0,0,0,0,3,62
48,1,10,0,71,0,9,0,93,0,4,61,2,0,11,158
18,9,0,1,10,4,0,0,5,5,0,27,0,0,6,21
42,17,0,0,30,0,6,2,27,0,0,0,0,0,3,82
17,3,4,2,11,0,0,0,14,0,0,0,0,0,0,18
19,11,0,1,18,0,10,3,30,5,0,0,0,0,6,55
31,90,4,1,41,0,2,22,14,17,2,0,8,0,6,148
22,2,0,1,14,0,0,0,6,0,0,0,0,0,0,47
7,12,0,2,3,0,2,0,0,0,2,20,0,0,4,31
19,8,2,0,14,0,2,0,5,27,3,20,0,0,5,42
19,10,0,1,6,0,0,0,0,0,12,0,0,0,10,54
29,17,6,1,25,0,0,0,7,0,4,0,2,0,2,36
30,181,2,0,16,0,2,19,0,14,2,17,2,0,0,120
7,0,0,0,0,2,2,0,0,0,0,0,0,0,4,17
13,2,0,0,0,0,2,0,0,0,3,0,0,0,8,9
8,5,4,1,16,0,2,0,24,0,0,39,0,0,5,34
9,5,0,1,6,0,2,0,35,18,0,27,2,0,10,25
12,3,0,0,61,0,8,0,121,38,9,0,0,0,9,131
12,82,0,0,13,0,2,4,0,0,0,15,2,0,2,63
23,15,0,0,20,0,4,0,20,3,5,0,0,0,7,35
18,15,0,1,2,0,0,0,0,34,0,0,0,0,10,18
26,6,0,0,10,4,8,0,0,0,2,31,2,0,0,64
11,7,0,1,28,0,0,0,9,0,0,0,0,0,0,29
14,5,2,0,26,0,0,0,40,2,0,0,0,0,2,44
34,185,2,0,25,0,0,23,0,43,4,0,2,0,2,247
36,41,0,0,6,0,2,2,0,0,0,23,0,0,2,35
5,5,2,0,18,0,0,0,0,0,9,0,0,127,0,59
45,24,2,2,10,0,5,0,0,13,0,0,2,0,16,55
10,52,0,0,10,2,15,7,0,0,13,0,4,0,5,93
36,7,4,3,27,0,0,0,0,0,0,0,0,0,13,52
3,0,0,1,2,0,0,0,4,0,0,0,0,0,0,7
22,7,0,0,16,2,4,0,8,0,0,0,0,0,4,64
28,9,0,0,21,0,2,0,31,2,0,0,0,0,12,84
28,12,0,0,18,0,4,0,29,0,0,0,0,0,11,80
23,26,2,0,37,0,4,0,65,0,0,0,0,0,5,65
48,7,2,0,7,2,2,0,0,0,0,0,0,0,5,23
76,133,0,0,33,12,16,0,5,6,0,12,2,0,7,195
19,5,4,0,28,0,0,0,26,0,0,0,0,0,4,31
21,35,4,1,23,0,4,0,15,4,14,47,0,0,0,54
28,10,8,1,5,0,0,0,0,0,0,0,0,0,8,30
27,5,4,0,1,4,2,0,0,11,0,0,0,0,14,26
19,9,2,0,10,2,4,0,0,0,0,0,0,0,0,36
26,41,2,0,17,0,4,6,0,26,5,0,4,0,50,94
30,5,0,0,11,0,2,0,0,3,0,0,0,0,0,57
17,14,0,0,20,0,2,0,55,6,2,0,2,0,11,52
26,2,0,1,23,0,4,0,11,4,24,13,0,0,3,56
16,27,4,0,20,2,2,0,0,0,38,0,2,0,0,54
16,11,2,1,5,0,2,0,0,0,0,21,0,32,0,16
10,7,0,2,9,0,0,0,0,3,0,0,0,0,5,6
7,7,0,0,0,0,0,2,0,0,0,0,0,0,0,4
19,5,0,2,13,0,2,0,7,0,0,0,0,0,0,38
13,9,0,0,2,0,2,0,0,0,4,0,4,0,2,33
18,9,6,0,36,0,0,0,39,1,2,0,0,0,2,57
23,16,0,0,32,0,2,0,29,0,0,0,4,0,6,53
47,9,6,0,11,4,6,0,0,0,0,0,0,0,2,60
33,17,0,1,21,0,0,0,0,0,0,28,0,61,9,46
22,22,0,0,25,0,2,0,28,4,11,11,0,0,3,88
31,12,0,2,9,0,5,0,0,18,3,0,0,0,2,19
43,12,0,0,23,0,2,0,23,0,0,0,0,0,12,69
2,1,0,1,8,0,0,0,0,0,0,0,2,0,0,38
32,8,0,0,9,4,6,0,0,0,5,9,0,0,3,68
29,6,4,0,31,0,2,2,33,3,0,14,0,0,0,26
9,4,0,0,11,0,2,0,18,0,0,13,0,0,0,27
21,102,0,0,8,2,6,0,0,0,7,0,0,0,16,68
19,2,2,0,12,0,0,0,4,0,0,0,0,0,2,68
13,1,2,0,9,0,4,0,0,219,8,0,0,218,0,231
15,44,2,0,9,0,6,14,3,7,2,0,2,0,14,115
64,84,4,0,19,0,8,13,0,0,9,0,0,0,14,204
22,14,2,0,56,0,2,0,0,0,33,0,0,109,11,130
16,17,4,0,24,0,2,2,0,64,3,22,0,0,0,193
21,0,0,0,5,0,0,0,0,0,0,0,0,51,6,51
35,16,0,0,21,0,2,0,0,5,0,16,2,0,4,90
7,5,0,0,0,0,0,0,0,0,0,0,0,0,0,4
21,8,2,0,50,2,2,0,66,0,5,0,0,0,2,122
0,0,0,0,0,0,0,0,0,0,0,0,0,0,0,1
26,16,0,0,14,0,0,0,45,0,0,0,0,0,0,11
20,2,4,0,43,8,16,0,32,4,0,10,0,0,0,56
25,13,0,0,5,0,2,2,0,0,16,15,2,0,8,86
16,10,0,0,11,0,0,0,0,4,0,0,0,0,0,68
45,20,0,0,14,0,4,0,22,0,2,0,0,0,2,39
17,6,2,0,1,2,0,0,0,0,0,0,0,0,0,26
25,10,4,1,10,2,0,0,0,76,0,0,0,0,12,98
23,127,0,0,28,0,4,18,0,9,0,76,8,0,6,164
27,22,0,0,33,0,10,0,16,0,4,0,0,0,0,77
18,5,2,2,2,0,0,0,0,0,0,39,0,0,2,28
13,17,2,0,22,0,0,2,46,6,0,0,0,0,0,41
15,19,0,0,1,0,0,0,0,0,0,0,0,0,16,47
15,4,2,0,5,0,2,0,18,2,0,0,0,0,4,14
18,25,0,0,14,0,7,0,0,0,8,0,0,0,0,38
31,69,0,0,28,0,2,0,0,0,0,0,6,0,4,62
50,46,4,1,7,0,7,0,0,6,11,16,2,0,21,89
38,12,0,0,24,0,0,0,28,13,5,0,0,0,21,74
39,11,0,0,28,0,3,0,1,0,9,0,2,0,4,87
134,0,4,0,13,2,5,0,0,12,15,0,0,62,0,69
26,7,2,0,6,0,4,0,0,0,12,0,0,0,4,65
10,1,0,1,0,0,0,0,0,0,0,0,0,0,0,15
18,6,0,1,10,0,0,0,0,9,0,0,0,0,2,21
21,10,0,1,8,0,0,0,0,12,0,0,0,0,0,19
19,13,4,0,27,0,2,5,44,2,0,0,0,0,8,72
13,4,0,0,17,0,2,0,18,0,3,0,0,0,2,40
26,10,0,0,45,0,6,0,0,178,2,0,0,0,10,96
15,1,0,0,43,0,0,0,23,0,0,0,0,73,9,86
20,6,0,0,31,0,4,0,95,6,0,0,0,0,9,88
25,4,0,0,3,0,0,0,0,12,19,0,0,0,3,48
14,2,2,1,8,0,2,0,0,47,0,0,0,0,0,37
27,58,0,0,34,0,4,15,10,4,5,45,10,0,12,219
14,48,0,0,17,0,0,0,0,0,0,0,4,0,3,46
15,5,2,2,16,0,3,0,9,4,3,0,0,0,0,26
16,9,0,0,38,0,2,0,26,12,0,0,0,52,7,31
21,46,0,1,7,0,2,0,0,0,4,0,0,0,3,159
32,14,0,0,8,0,2,0,0,24,4,28,0,0,13,48
19,15,0,0,13,0,0,0,11,0,8,0,0,0,8,43
31,10,0,0,13,0,2,0,0,5,12,0,0,0,11,58
25,5,2,0,12,0,2,0,16,0,0,0,0,0,3,17
76,15,2,2,13,0,2,2,69,0,4,0,0,0,2,54
31,12,2,0,14,0,4,0,4,6,0,0,0,0,7,29
49,8,2,0,18,6,16,0,0,0,3,11,0,0,6,75
84,3,2,0,19,4,6,0,6,0,0,0,0,0,2,19
20,6,0,0,21,0,6,0,19,26,5,0,0,0,2,66
21,37,2,0,14,2,4,2,11,33,4,0,2,0,15,51
48,4,8,0,53,2,4,0,45,11,0,0,2,0,2,74
